ch0 = [-0.733262 + j*(0.210268)
];
