dl01_r3 = [24 + j*(0)
52 + j*(0)
84 + j*(4)
108 + j*(4)
136 + j*(8)
168 + j*(12)
288 + j*(68)
416 + j*(124)
548 + j*(184)
668 + j*(240)
796 + j*(300)
928 + j*(360)
812 + j*(456)
700 + j*(556)
592 + j*(656)
480 + j*(756)
368 + j*(856)
260 + j*(956)
196 + j*(804)
132 + j*(652)
68 + j*(504)
4 + j*(352)
-60 + j*(200)
-120 + j*(56)
-4 + j*(116)
116 + j*(184)
236 + j*(252)
356 + j*(312)
476 + j*(380)
596 + j*(448)
416 + j*(416)
236 + j*(388)
56 + j*(364)
-120 + j*(336)
-300 + j*(308)
-476 + j*(284)
-324 + j*(348)
-168 + j*(412)
-16 + j*(476)
140 + j*(540)
292 + j*(604)
448 + j*(672)
424 + j*(752)
408 + j*(836)
388 + j*(916)
364 + j*(1000)
344 + j*(1080)
328 + j*(1164)
272 + j*(996)
216 + j*(836)
164 + j*(668)
112 + j*(508)
56 + j*(340)
4 + j*(180)
12 + j*(-8)
24 + j*(-192)
32 + j*(-376)
44 + j*(-560)
56 + j*(-748)
68 + j*(-928)
180 + j*(-680)
292 + j*(-428)
408 + j*(-172)
520 + j*(76)
632 + j*(328)
752 + j*(584)
748 + j*(548)
748 + j*(520)
748 + j*(496)
744 + j*(460)
748 + j*(432)
748 + j*(408)
716 + j*(404)
684 + j*(404)
660 + j*(408)
628 + j*(408)
600 + j*(408)
576 + j*(412)
508 + j*(412)
444 + j*(412)
384 + j*(408)
316 + j*(408)
256 + j*(408)
196 + j*(408)
116 + j*(400)
32 + j*(396)
-48 + j*(392)
-128 + j*(384)
-208 + j*(380)
-288 + j*(376)
-264 + j*(448)
-240 + j*(520)
-216 + j*(596)
-192 + j*(668)
-164 + j*(740)
-140 + j*(820)
-108 + j*(632)
-76 + j*(452)
-44 + j*(272)
-8 + j*(88)
24 + j*(-92)
60 + j*(-272)
160 + j*(-8)
264 + j*(256)
364 + j*(524)
468 + j*(788)
568 + j*(1052)
672 + j*(1320)
564 + j*(1120)
456 + j*(924)
352 + j*(728)
244 + j*(532)
136 + j*(336)
32 + j*(140)
-44 + j*(188)
-112 + j*(240)
-180 + j*(288)
-256 + j*(340)
-324 + j*(388)
-392 + j*(444)
-244 + j*(412)
-92 + j*(384)
64 + j*(352)
216 + j*(324)
368 + j*(296)
524 + j*(268)
464 + j*(404)
404 + j*(536)
348 + j*(672)
288 + j*(808)
232 + j*(948)
176 + j*(1084)
200 + j*(904)
220 + j*(724)
248 + j*(548)
268 + j*(372)
296 + j*(196)
320 + j*(20)
272 + j*(-68)
220 + j*(-152)
172 + j*(-236)
120 + j*(-320)
76 + j*(-404)
28 + j*(-484)
64 + j*(-196)
100 + j*(96)
144 + j*(384)
180 + j*(676)
220 + j*(964)
264 + j*(1260)
304 + j*(1052)
348 + j*(848)
388 + j*(644)
432 + j*(436)
472 + j*(232)
560 + j*(-176)
432 + j*(-80)
300 + j*(20)
172 + j*(124)
40 + j*(220)
-84 + j*(320)
-212 + j*(424)
-212 + j*(396)
-216 + j*(368)
-216 + j*(344)
-216 + j*(320)
-216 + j*(292)
-216 + j*(268)
-152 + j*(456)
-84 + j*(644)
-16 + j*(832)
48 + j*(1020)
116 + j*(1212)
184 + j*(1404)
224 + j*(1324)
264 + j*(1244)
312 + j*(1168)
352 + j*(1088)
392 + j*(1012)
440 + j*(936)
336 + j*(796)
240 + j*(656)
144 + j*(520)
44 + j*(380)
-52 + j*(244)
-148 + j*(108)
-60 + j*(140)
28 + j*(176)
120 + j*(220)
208 + j*(252)
300 + j*(292)
392 + j*(336)
340 + j*(164)
288 + j*(0)
244 + j*(-164)
188 + j*(-332)
140 + j*(-496)
96 + j*(-660)
216 + j*(-612)
340 + j*(-564)
468 + j*(-520)
588 + j*(-468)
712 + j*(-424)
840 + j*(-372)
864 + j*(-328)
892 + j*(-280)
920 + j*(-232)
944 + j*(-184)
972 + j*(-140)
1000 + j*(-88)
852 + j*(104)
708 + j*(304)
568 + j*(500)
424 + j*(696)
280 + j*(892)
140 + j*(1092)
244 + j*(1076)
352 + j*(1068)
460 + j*(1052)
568 + j*(1044)
676 + j*(1028)
788 + j*(1020)
688 + j*(796)
588 + j*(580)
492 + j*(360)
392 + j*(144)
296 + j*(-76)
200 + j*(-292)
308 + j*(-320)
416 + j*(-344)
528 + j*(-368)
636 + j*(-392)
748 + j*(-416)
860 + j*(-436)
768 + j*(-492)
676 + j*(-544)
588 + j*(-596)
496 + j*(-648)
404 + j*(-700)
320 + j*(-748)
160 + j*(-440)
4 + j*(-128)
-152 + j*(184)
-312 + j*(496)
-468 + j*(808)
-620 + j*(1124)
-480 + j*(1028)
-336 + j*(932)
-188 + j*(836)
-44 + j*(740)
100 + j*(648)
248 + j*(556)
268 + j*(456)
296 + j*(356)
324 + j*(260)
348 + j*(164)
376 + j*(64)
404 + j*(-32)
332 + j*(36)
260 + j*(112)
192 + j*(184)
120 + j*(252)
52 + j*(324)
-16 + j*(400)
112 + j*(280)
240 + j*(164)
372 + j*(52)
500 + j*(-68)
632 + j*(-184)
764 + j*(-296)
796 + j*(-216)
828 + j*(-132)
860 + j*(-44)
896 + j*(40)
928 + j*(124)
964 + j*(212)
836 + j*(200)
708 + j*(188)
576 + j*(180)
448 + j*(168)
320 + j*(160)
196 + j*(152)
252 + j*(192)
312 + j*(232)
376 + j*(276)
436 + j*(312)
496 + j*(356)
560 + j*(400)
536 + j*(300)
520 + j*(200)
504 + j*(108)
484 + j*(8)
468 + j*(-92)
452 + j*(-184)
416 + j*(0)
384 + j*(192)
348 + j*(388)
316 + j*(572)
284 + j*(764)
252 + j*(960)
220 + j*(1144)
184 + j*(1336)
152 + j*(1532)
120 + j*(1716)
84 + j*(1908)
0 + j*(0)
0 + j*(0)
0 + j*(0)
0 + j*(0)
0 + j*(0)
0 + j*(0)
0 + j*(0)
0 + j*(0)
0 + j*(0)
0 + j*(0)
0 + j*(0)
0 + j*(0)
0 + j*(0)
0 + j*(0)
0 + j*(0)
0 + j*(0)
0 + j*(0)
0 + j*(0)
0 + j*(0)
0 + j*(0)
0 + j*(0)
0 + j*(0)
0 + j*(0)
0 + j*(0)
0 + j*(0)
0 + j*(0)
0 + j*(0)
0 + j*(0)
0 + j*(0)
0 + j*(0)
0 + j*(0)
0 + j*(0)
0 + j*(0)
0 + j*(0)
0 + j*(0)
0 + j*(0)
0 + j*(0)
0 + j*(0)
0 + j*(0)
0 + j*(0)
0 + j*(0)
0 + j*(0)
0 + j*(0)
0 + j*(0)
0 + j*(0)
0 + j*(0)
0 + j*(0)
0 + j*(0)
0 + j*(0)
0 + j*(0)
0 + j*(0)
0 + j*(0)
0 + j*(0)
0 + j*(0)
0 + j*(0)
0 + j*(0)
0 + j*(0)
0 + j*(0)
0 + j*(0)
0 + j*(0)
0 + j*(0)
0 + j*(0)
0 + j*(0)
0 + j*(0)
0 + j*(0)
0 + j*(0)
0 + j*(0)
0 + j*(0)
0 + j*(0)
0 + j*(0)
0 + j*(0)
0 + j*(0)
0 + j*(0)
0 + j*(0)
0 + j*(0)
0 + j*(0)
0 + j*(0)
0 + j*(0)
0 + j*(0)
0 + j*(0)
0 + j*(0)
0 + j*(0)
0 + j*(0)
0 + j*(0)
0 + j*(0)
0 + j*(0)
0 + j*(0)
0 + j*(0)
0 + j*(0)
0 + j*(0)
0 + j*(0)
0 + j*(0)
0 + j*(0)
0 + j*(0)
0 + j*(0)
0 + j*(0)
0 + j*(0)
0 + j*(0)
0 + j*(0)
0 + j*(0)
0 + j*(0)
0 + j*(0)
0 + j*(0)
0 + j*(0)
0 + j*(0)
0 + j*(0)
0 + j*(0)
0 + j*(0)
0 + j*(0)
0 + j*(0)
0 + j*(0)
0 + j*(0)
0 + j*(0)
0 + j*(0)
0 + j*(0)
0 + j*(0)
0 + j*(0)
0 + j*(0)
0 + j*(0)
0 + j*(0)
0 + j*(0)
0 + j*(0)
0 + j*(0)
0 + j*(0)
0 + j*(0)
0 + j*(0)
0 + j*(0)
0 + j*(0)
0 + j*(0)
0 + j*(0)
0 + j*(0)
0 + j*(0)
0 + j*(0)
0 + j*(0)
0 + j*(0)
0 + j*(0)
0 + j*(0)
0 + j*(0)
0 + j*(0)
0 + j*(0)
0 + j*(0)
0 + j*(0)
0 + j*(0)
0 + j*(0)
0 + j*(0)
0 + j*(0)
0 + j*(0)
0 + j*(0)
0 + j*(0)
0 + j*(0)
0 + j*(0)
0 + j*(0)
0 + j*(0)
0 + j*(0)
0 + j*(0)
0 + j*(0)
0 + j*(0)
0 + j*(0)
0 + j*(0)
0 + j*(0)
0 + j*(0)
0 + j*(0)
0 + j*(0)
0 + j*(0)
0 + j*(0)
0 + j*(0)
0 + j*(0)
0 + j*(0)
0 + j*(0)
0 + j*(0)
0 + j*(0)
0 + j*(0)
0 + j*(0)
0 + j*(0)
0 + j*(0)
0 + j*(0)
0 + j*(0)
0 + j*(0)
0 + j*(0)
0 + j*(0)
0 + j*(0)
0 + j*(0)
0 + j*(0)
0 + j*(0)
0 + j*(0)
0 + j*(0)
0 + j*(0)
0 + j*(0)
0 + j*(0)
0 + j*(0)
0 + j*(0)
0 + j*(0)
0 + j*(0)
0 + j*(0)
0 + j*(0)
0 + j*(0)
0 + j*(0)
0 + j*(0)
0 + j*(0)
0 + j*(0)
0 + j*(0)
0 + j*(0)
0 + j*(0)
0 + j*(0)
0 + j*(0)
0 + j*(0)
0 + j*(0)
18 + j*(0)
38 + j*(0)
62 + j*(2)
80 + j*(2)
102 + j*(6)
-54 + j*(124)
60 + j*(138)
180 + j*(152)
300 + j*(172)
412 + j*(186)
532 + j*(202)
656 + j*(222)
590 + j*(266)
528 + j*(312)
474 + j*(362)
358 + j*(446)
242 + j*(532)
130 + j*(618)
50 + j*(514)
-28 + j*(412)
-106 + j*(314)
-118 + j*(238)
-130 + j*(162)
-138 + j*(94)
-16 + j*(176)
112 + j*(268)
238 + j*(358)
360 + j*(390)
484 + j*(426)
608 + j*(466)
506 + j*(428)
404 + j*(392)
304 + j*(362)
148 + j*(324)
-10 + j*(284)
-164 + j*(248)
-74 + j*(278)
22 + j*(308)
114 + j*(338)
186 + j*(408)
256 + j*(478)
330 + j*(554)
268 + j*(636)
212 + j*(720)
154 + j*(804)
186 + j*(874)
224 + j*(942)
266 + j*(1012)
274 + j*(892)
286 + j*(780)
298 + j*(662)
246 + j*(500)
192 + j*(330)
138 + j*(166)
132 + j*(-16)
128 + j*(-198)
122 + j*(-378)
148 + j*(-484)
178 + j*(-592)
204 + j*(-692)
308 + j*(-474)
410 + j*(-252)
518 + j*(-26)
554 + j*(154)
592 + j*(338)
636 + j*(524)
584 + j*(490)
538 + j*(466)
492 + j*(442)
506 + j*(392)
524 + j*(350)
542 + j*(310)
534 + j*(284)
526 + j*(262)
526 + j*(246)
536 + j*(250)
550 + j*(254)
568 + j*(260)
550 + j*(266)
538 + j*(270)
528 + j*(272)
398 + j*(318)
274 + j*(364)
148 + j*(410)
10 + j*(450)
-132 + j*(492)
-270 + j*(536)
-278 + j*(494)
-284 + j*(454)
-290 + j*(418)
-218 + j*(436)
-146 + j*(454)
-74 + j*(476)
-46 + j*(546)
-14 + j*(618)
14 + j*(694)
50 + j*(572)
84 + j*(454)
120 + j*(336)
110 + j*(176)
98 + j*(20)
86 + j*(-136)
126 + j*(40)
166 + j*(218)
204 + j*(398)
284 + j*(610)
362 + j*(822)
442 + j*(1040)
362 + j*(906)
286 + j*(772)
210 + j*(642)
144 + j*(496)
80 + j*(350)
18 + j*(202)
