dl0_r0_llr = [-66
-54
-315
31
148
433
246
143
-384
-93
-142
162
340
-66
367
56
-426
-155
-170
26
-623
-252
127
564
-92
-1071
498
-223
-661
447
304
-670
-134
28
-132
-169
181
469
-155
150
-132
-23
-38
-169
-168
-163
27
-77
-43
165
129
-267
124
-52
-45
-74
-28
-175
126
46
79
67
-11
200
-63
-145
293
28
-42
127
45
-166
118
-148
194
124
33
51
112
231
36
17
93
277
223
30
-323
-29
140
-2
115
22
-191
-176
-80
-234
612
196
-260
-43
-432
411
628
274
-237
-268
-263
578
238
-549
-213
63
21
47
-166
-79
-115
-123
-510
30
77
194
298
89
-888
17
-51
-125
-452
-44
-67
532
665
157
282
-157
-76
126
171
-207
-101
232
-102
104
195
-10
228
175
166
4
-424
142
203
-272
-390
-330
-272
-889
163
511
-266
101
339
-48
97
-98
19
-44
54
-39
105
-122
-74
261
49
234
-31
-102
57
47
-3
149
97
53
132
188
20
44
120
-10
-59
-40
-143
147
-221
46
206
276
31
-39
-276
-309
209
-329
70
-25
60
-47
196
-201
281
196
-30
-112
-336
38
176
-189
226
131
41
-67
-212
-66
79
41
191
84
205
75
-112
-117
387
-276
-423
52
5
-13
58
197
-44
-61
-47
221
-427
-156
-77
-105
-196
-213
192
-319
-418
-592
441
-379
-20
490
175
-5
511
186
358
-90
-190
-462
-154
256
49
-187
-96
-8
-163
-89
41
-159
472
-1
-257
97
-90
261
246
-152
-16
112
46
-293
-44
-43
32
91
75
50
-2
267
84
216
16
-29
-75
-217
35
261
-205
81
-268
60
-379
-253
23
342
-500
-328
-275
184
-292
-184
43
212
-611
-92
-253
-109
67
341
-202
216
398
299
-157
-431
-204
-531
-344
110
112
152
154
24
-3
-50
195
-596
-978
-295
-381
0
-963
-184
-636
584
-65
98
-129
-278
-296
99
-58
-42
-17
-36
-20
-17
117
-67
-114
142
39
103
293
-29
135
81
34
-192
-386
28
156
-428
-80
-461
347
110
-476
-124
-372
-135
-153
430
55
65
-107
-267
-451
-54
-222
-186
-33
419
-580
169
25
-90
-37
-328
92
333
206
-259
667
181
-106
-286
238
-338
-168
86
-207
-448
-515
-405
277
297
-42
-127
160
-79
-129
-69
159
43
-62
79
3
-171
133
-90
-13
91
-46
-69
153
51
156
-124
48
-69
-33
142
259
84
144
190
-359
284
-145
328
-131
-79
-545
386
-406
-509
-112
-58
198
-500
354
-65
398
-78
66
-1
-145
166
326
170
-254
392
89
382
-254
-219
-197
265
-105
75
168
291
229
84
30
-342
112
-122
168
-14
-124
-394
208
-118
69
193
85
-372
174
113
230
-221
-231
-157
13
336
-134
-343
170
-94
-97
-29
114
-97
-96
-51
213
-222
-162
-36
491
-277
68
176
-204
489
64
480
-123
113
-521
306
-321
-175
400
-106
-149
-224
-486
247
-207
-201
98
37
-230
-217
-65
231
-222
412
-293
179
-49
-277
217
-63
-36
-34
72
-59
-21
29
203
207
-28
257
295
-178
478
-53
-18
-109
157
-45
-4
-58
-191
97
13
-108
-179
-30
-33
365
-308
241
332
150
-7
-97
330
-620
364
184
259
-58
44
-28
126
-193
-44
259
169
232
326
-223
-751
-80
117
-409
-66
173
652
-433
-575
56
-180
-490
178
-284
-113
112
-606
106
651
117
-296
161
90
-436
-162
13
-1
60
-302
315
343
-244
-48
260
417
-220
113
-258
68
79
-159
168
17
27
147
-94
-159
274
1
-519
-322
50
-113
-300
-117
-335
-90
2
-18
287
-186
123
56
-47
-70
8
24
-157
89
4
239
128
-87
331
58
113
404
-153
-74
360
163
519
-92
268
-535
-430
-220
-108
-550
-222
57
572
67
258
377
-297
235
61
21
-45
44
9
472
90
231
116
-212
-58
-73
-166
275
-17
-44
235
-631
149
100
-25
-57
-282
-16
129
225
174
99
-252
60
-91
-215
119
-116
100
-206
88
302
-126
-235
-40
-14
14
293
469
-183
325
285
409
-1
-352
-342
-243
230
-41
-193
-82
12
81
63
51
-51
-20
81
1
16
-20
153
137
330
-94
260
-20
-167
-188
-86
153
92
-53
234
-47
-163
-203
26
27
-128
138
173
412
148
330
166
-170
-138
-118
263
133
-85
200
101
59
50
25
-60
-49
-283
-138
-55
275
-89
-111
39
-169
-51
129
-110
-28
-157
146
-24
-136
42
-35
23
24
39
78
-164
266
-67
198
-61
-1
87
75
-88
-43
-103
177
456
271
-199
557
-117
-120
-429
-384
-694
-403
432
-320
52
154
-172
-134
-228
-142
254
294
135
143
-190
161
-278
198
-9
25
-99
47
315
177
212
-37
180
-178
-261
-268
31
56
8
-82
25
-120
6
89
-43
39
-118
-183
90
-441
-157
337
-99
-299
-212
-174
158
48
-195
-474
185
323
166
254
-99
145
-118
-207
-36
19
42
-197
215
-17
101
-112
-67
12
62
-116
-183
32
-115
206
-56
-9
184
-291
119
39
164
-199
-455
-256
26
-348
-94
144
-223
252
-342
218
187
27
52
-39
35
66
-196
-168
29
167
-49
362
-129
-64
-140
-343
-122
-58
-93
39
51
-56
167
-83
-7
-297
-28
178
-145
148
-39
-149
-244
-27
-149
106
355
61
334
73
-237
103
-45
404
-149
114
-174
121
-207
-254
-135
-315
445
-192
-204
152
184
273
-151
70
395
52
54
234
284
-120
-139
144
-107
64
284
-152
-42
66
52
-182
30
101
-97
-84
-126
50
30
112
319
169
-160
-23
147
-76
42
139
-132
12
259
355
-295
-102
-13
303
362
621
242
-236
-165
410
-244
-310
496
553
20
377
-95
443
154
350
-85
-289
569
-228
-218
-38
24
59
278
331
188
-229
166
-307
-265
-39
56
-1
177
114
-51
139
-61
-225
106
-100
8
-213
112
-208
-202
-33
-239
-179
-152
-60
168
187
186
-106
49
-124
-198
-58
-150
34
-439
-77
-485
414
17
103
41
298
-333
58
77
-2
35
222
-117
-84
-113
-319
42
-126
351
180
-139
-28
151
188
-15
-22
-174
169
-115
131
-319
-142
110
150
-77
315
-151
233
-75
433
-38
-17
210
10
-91
-58
186
98
281
-10
-24
25
216
43
-69
-40
-10
5
-160
-232
77
2
-194
272
-176
-61
133
-12
127
-199
-109
312
105
118
-124
-8
79
451
-435
55
-103
107
-94
-27
118
-220
-61
-49
81
-72
57
-114
-237
139
-316
149
2
31
-68
461
23
-3
-249
237
-254
183
1023
37
179
-238
-387
561
168
-648
42
-268
-521
-200
375
92
-24
-358
319
85
257
139
-258
-231
174
187
-359
240
68
456
-51
408
81
-502
213
335
-289
-133
-197
-372
191
202
107
-143
-407
146
208
242
-177
266
-131
195
-113
186
89
-43
-4
59
-24
-115
31
-79
-21
67
307
61
116
-236
-361
-68
-10
-232
-182
358
11
-34
-236
45
590
-67
-196
-56
378
-493
-88
-575
217
42
31
67
-32
8
-35
-140
-148
52
-194
-29
-167
-164
135
-101
340
-52
182
-111
-252
-214
-12
224
-392
-157
-136
135
129
-270
435
13
3
236
-63
167
126
-260
-411
27
-197
78
-66
38
266
-313
-124
-259
501
-306
-182
252
-372
-534
274
518
323
351
270
97
3
-78
139
-98
-146
-170
27
31
-160
78
300
8
94
-437
218
-74
163
153
370
-351
-276
-221
184
259
199
-427
-27
329
162
-31
43
-147
264
208
339
104
477
58
-6
103
179
91
18
51
30
-31
203
-132
-58
-59
-165
-132
-9
-259
-240
-303
67
-226
37
132
-42
100
39
-81
30
152
-122
195
-47
-223
14
-300
-15
132
-110
-82
-46
-62
-54
80
26
42
119
-30
-121
-241
643
-2
-138
569
326
-150
-418
224
-75
-3
-62
-81
-268
450
-170
-2
249
-81
-125
-273
218
81
226
275
-103
-71
554
-167
-364
-265
2
2
171
159
-81
-158
124
-124
-37
23
-23
-93
-7
50
-114
24
21
-147
213
-16
-232
-177
-263
-198
-205
-229
20
-102
110
-48
-182
-197
365
-42
363
506
-81
265
48
23
-219
86
-110
-129
-100
-14
56
-8
-37
116
298
-2
-176
191
-62
-8
347
231
360
191
-407
304
129
87
107
288
-146
209
43
-26
49
7
-51
56
-86
-59
2
25
79
-193
-57
-298
-412
-414
306
-104
-106
-279
-84
-193
160
72
-256
-29
-168
20
-180
16
315
-180
285
-362
88
-386
161
41
-104
102
-100
242
277
-35
-508
348
372
187
-667
308
253
-238
16
106
-10
297
213
24
185
-397
63
-267
-425
-104
-68
203
81
-35
373
3
286
183
143
-212
-186
-8
-142
118
157
223
-149
207
7
-130
101
301
-534
-303
-29
648
-223
-275
-227
-99
107
367
367
-233
291
222
-26
-90
190
62
231
132
80
-629
66
-156
-617
-363
770
40
262
648
-441
-50
-166
-115
370
423
-447
331
202
-132
-166
-246
-532
-549
387
272
-147
-240
-159
129
38
174
130
34
-113
181
167
312
-71
-55
73
245
433
-364
38
-303
-9
-465
41
-459
396
157
-667
0
-352
-175
-76
-179
306
99
113
-126
63
-184
-357
-65
-231
-68
-259
306
79
10
202
260
-83
31
-195
-63
-63
15
-105
206
0
-148
-54
-103
-54
-81
152
103
175
-84
-4
-31
69
76
164
-22
253
-17
194
-243
-39
15
-295
123
196
22
-78
-328
-12
198
-248
-266
-174
347
3
-348
-188
152
387
-135
-1
-113
-371
-5
-36
-11
71
-81
-122
-31
350
37
223
12
71
-350
229
-176
-22
16
6
95
66
129
-168
-48
139
-216
279
-305
-351
95
-114
540
-452
150
-78
250
82
-49
-482
-824
438
-7
-222
-452
54
-644
81
-140
650
643
-453
-197
157
463
226
-63
13
194
-558
316
235
373
-207
23
-136
221
-153
531
-222
-582
355
184
566
-424
373
153
313
48
-10
14
-19
6
10
8
-20
-17
-69
15
-197
94
55
-57
-25
62
-326
350
174
141
426
621
-3
-340
-676
530
117
458
32
-332
388
128
9
-254
36
-156
78
-70
-104
105
-116
148
107
-120
-11
130
35
323
70
74
106
19
215
-181
143
266
-174
-223
-325
213
-401
-90
-50
114
-19
-77
209
-212
-314
-461
-158
236
403
276
114
-401
1
0
-427
-7
32
142
281
374
-143
310
