dl00_r1 = [-16 + j*(216)
-28 + j*(436)
-40 + j*(656)
-52 + j*(872)
-64 + j*(1092)
-76 + j*(1312)
-156 + j*(1032)
-232 + j*(752)
-308 + j*(480)
-384 + j*(200)
-460 + j*(-76)
-532 + j*(-352)
-472 + j*(-336)
-412 + j*(-324)
-348 + j*(-304)
-288 + j*(-292)
-224 + j*(-276)
-160 + j*(-256)
-44 + j*(-256)
72 + j*(-252)
192 + j*(-248)
308 + j*(-248)
428 + j*(-244)
548 + j*(-240)
424 + j*(-72)
300 + j*(96)
180 + j*(264)
56 + j*(432)
-64 + j*(604)
-184 + j*(772)
-148 + j*(772)
-116 + j*(772)
-76 + j*(776)
-44 + j*(780)
-8 + j*(784)
32 + j*(788)
44 + j*(564)
60 + j*(340)
76 + j*(120)
88 + j*(-104)
108 + j*(-324)
124 + j*(-544)
76 + j*(-372)
28 + j*(-200)
-16 + j*(-20)
-60 + j*(148)
-108 + j*(324)
-152 + j*(504)
-20 + j*(440)
116 + j*(380)
248 + j*(328)
380 + j*(264)
516 + j*(208)
652 + j*(152)
568 + j*(300)
480 + j*(444)
396 + j*(596)
312 + j*(740)
232 + j*(892)
148 + j*(1040)
132 + j*(688)
116 + j*(336)
104 + j*(-12)
92 + j*(-368)
76 + j*(-716)
64 + j*(-1064)
128 + j*(-916)
200 + j*(-764)
268 + j*(-612)
336 + j*(-460)
400 + j*(-312)
472 + j*(-156)
280 + j*(-100)
92 + j*(-40)
-96 + j*(16)
-288 + j*(76)
-476 + j*(132)
-664 + j*(192)
-628 + j*(92)
-592 + j*(-8)
-556 + j*(-104)
-520 + j*(-204)
-484 + j*(-304)
-444 + j*(-400)
-532 + j*(-364)
-612 + j*(-320)
-696 + j*(-280)
-780 + j*(-240)
-864 + j*(-200)
-944 + j*(-156)
-848 + j*(-116)
-748 + j*(-68)
-644 + j*(-24)
-544 + j*(20)
-444 + j*(64)
-340 + j*(112)
-268 + j*(120)
-196 + j*(132)
-124 + j*(144)
-52 + j*(156)
20 + j*(164)
96 + j*(180)
92 + j*(192)
92 + j*(208)
92 + j*(220)
92 + j*(236)
92 + j*(252)
92 + j*(268)
132 + j*(260)
172 + j*(252)
212 + j*(248)
252 + j*(244)
292 + j*(240)
336 + j*(236)
356 + j*(116)
380 + j*(0)
400 + j*(-116)
424 + j*(-232)
444 + j*(-352)
468 + j*(-464)
460 + j*(-368)
460 + j*(-268)
456 + j*(-172)
452 + j*(-72)
448 + j*(24)
448 + j*(124)
260 + j*(56)
72 + j*(-12)
-112 + j*(-84)
-300 + j*(-152)
-488 + j*(-220)
-668 + j*(-288)
-496 + j*(-280)
-320 + j*(-268)
-144 + j*(-260)
32 + j*(-248)
208 + j*(-240)
384 + j*(-228)
360 + j*(-256)
340 + j*(-280)
320 + j*(-308)
296 + j*(-332)
276 + j*(-360)
256 + j*(-384)
244 + j*(-228)
236 + j*(-72)
232 + j*(88)
224 + j*(244)
216 + j*(404)
212 + j*(560)
240 + j*(488)
272 + j*(420)
308 + j*(348)
336 + j*(280)
372 + j*(212)
440 + j*(72)
448 + j*(96)
464 + j*(120)
484 + j*(148)
492 + j*(172)
508 + j*(200)
528 + j*(224)
444 + j*(200)
364 + j*(172)
292 + j*(152)
208 + j*(124)
128 + j*(104)
56 + j*(80)
64 + j*(24)
76 + j*(-32)
88 + j*(-88)
100 + j*(-144)
112 + j*(-196)
124 + j*(-252)
140 + j*(-244)
160 + j*(-240)
176 + j*(-236)
196 + j*(-228)
216 + j*(-220)
236 + j*(-212)
56 + j*(-268)
-124 + j*(-328)
-304 + j*(-380)
-484 + j*(-436)
-660 + j*(-492)
-836 + j*(-544)
-704 + j*(-484)
-572 + j*(-416)
-436 + j*(-348)
-300 + j*(-284)
-164 + j*(-216)
-28 + j*(-148)
44 + j*(-96)
120 + j*(-44)
196 + j*(12)
272 + j*(64)
348 + j*(116)
428 + j*(176)
384 + j*(104)
340 + j*(40)
296 + j*(-28)
252 + j*(-96)
212 + j*(-164)
172 + j*(-228)
216 + j*(-192)
256 + j*(-152)
300 + j*(-116)
348 + j*(-72)
392 + j*(-36)
436 + j*(4)
364 + j*(136)
296 + j*(268)
228 + j*(396)
156 + j*(532)
88 + j*(664)
24 + j*(796)
-100 + j*(568)
-216 + j*(344)
-328 + j*(116)
-448 + j*(-108)
-564 + j*(-332)
-676 + j*(-556)
-600 + j*(-424)
-520 + j*(-288)
-440 + j*(-156)
-360 + j*(-20)
-280 + j*(112)
-196 + j*(252)
-164 + j*(184)
-128 + j*(124)
-96 + j*(60)
-60 + j*(0)
-28 + j*(-68)
12 + j*(-128)
92 + j*(-12)
176 + j*(112)
256 + j*(232)
340 + j*(348)
420 + j*(468)
504 + j*(592)
472 + j*(520)
440 + j*(448)
408 + j*(384)
376 + j*(312)
348 + j*(244)
316 + j*(176)
224 + j*(180)
132 + j*(180)
44 + j*(184)
-44 + j*(188)
-132 + j*(192)
-220 + j*(196)
-188 + j*(232)
-156 + j*(272)
-124 + j*(308)
-92 + j*(344)
-60 + j*(384)
-24 + j*(424)
-32 + j*(412)
-40 + j*(400)
-48 + j*(396)
-56 + j*(384)
-60 + j*(372)
-68 + j*(368)
-52 + j*(336)
-36 + j*(308)
-12 + j*(280)
4 + j*(248)
24 + j*(224)
48 + j*(196)
-100 + j*(160)
-244 + j*(124)
-384 + j*(88)
-528 + j*(56)
-672 + j*(24)
-812 + j*(-12)
-672 + j*(32)
-532 + j*(72)
-396 + j*(116)
-252 + j*(160)
-112 + j*(204)
28 + j*(248)
-64 + j*(196)
-156 + j*(144)
-252 + j*(92)
-344 + j*(40)
-436 + j*(-8)
-524 + j*(-60)
-452 + j*(36)
-372 + j*(132)
-292 + j*(228)
-212 + j*(324)
-132 + j*(420)
-52 + j*(520)
-60 + j*(448)
-68 + j*(376)
-76 + j*(308)
-84 + j*(240)
-92 + j*(168)
-96 + j*(100)
-104 + j*(32)
-112 + j*(-40)
-120 + j*(-108)
-128 + j*(-180)
-136 + j*(-248)
0 + j*(0)
0 + j*(0)
0 + j*(0)
0 + j*(0)
0 + j*(0)
0 + j*(0)
0 + j*(0)
0 + j*(0)
0 + j*(0)
0 + j*(0)
0 + j*(0)
0 + j*(0)
0 + j*(0)
0 + j*(0)
0 + j*(0)
0 + j*(0)
0 + j*(0)
0 + j*(0)
0 + j*(0)
0 + j*(0)
0 + j*(0)
0 + j*(0)
0 + j*(0)
0 + j*(0)
0 + j*(0)
0 + j*(0)
0 + j*(0)
0 + j*(0)
0 + j*(0)
0 + j*(0)
0 + j*(0)
0 + j*(0)
0 + j*(0)
0 + j*(0)
0 + j*(0)
0 + j*(0)
0 + j*(0)
0 + j*(0)
0 + j*(0)
0 + j*(0)
0 + j*(0)
0 + j*(0)
0 + j*(0)
0 + j*(0)
0 + j*(0)
0 + j*(0)
0 + j*(0)
0 + j*(0)
0 + j*(0)
0 + j*(0)
0 + j*(0)
0 + j*(0)
0 + j*(0)
0 + j*(0)
0 + j*(0)
0 + j*(0)
0 + j*(0)
0 + j*(0)
0 + j*(0)
0 + j*(0)
0 + j*(0)
0 + j*(0)
0 + j*(0)
0 + j*(0)
0 + j*(0)
0 + j*(0)
0 + j*(0)
0 + j*(0)
0 + j*(0)
0 + j*(0)
0 + j*(0)
0 + j*(0)
0 + j*(0)
0 + j*(0)
0 + j*(0)
0 + j*(0)
0 + j*(0)
0 + j*(0)
0 + j*(0)
0 + j*(0)
0 + j*(0)
0 + j*(0)
0 + j*(0)
0 + j*(0)
0 + j*(0)
0 + j*(0)
0 + j*(0)
0 + j*(0)
0 + j*(0)
0 + j*(0)
0 + j*(0)
0 + j*(0)
0 + j*(0)
0 + j*(0)
0 + j*(0)
0 + j*(0)
0 + j*(0)
0 + j*(0)
0 + j*(0)
0 + j*(0)
0 + j*(0)
0 + j*(0)
0 + j*(0)
0 + j*(0)
0 + j*(0)
0 + j*(0)
0 + j*(0)
0 + j*(0)
0 + j*(0)
0 + j*(0)
0 + j*(0)
0 + j*(0)
0 + j*(0)
0 + j*(0)
0 + j*(0)
0 + j*(0)
0 + j*(0)
0 + j*(0)
0 + j*(0)
0 + j*(0)
0 + j*(0)
0 + j*(0)
0 + j*(0)
0 + j*(0)
0 + j*(0)
0 + j*(0)
0 + j*(0)
0 + j*(0)
0 + j*(0)
0 + j*(0)
0 + j*(0)
0 + j*(0)
0 + j*(0)
0 + j*(0)
0 + j*(0)
0 + j*(0)
0 + j*(0)
0 + j*(0)
0 + j*(0)
0 + j*(0)
0 + j*(0)
0 + j*(0)
0 + j*(0)
0 + j*(0)
0 + j*(0)
0 + j*(0)
0 + j*(0)
0 + j*(0)
0 + j*(0)
0 + j*(0)
0 + j*(0)
0 + j*(0)
0 + j*(0)
0 + j*(0)
0 + j*(0)
0 + j*(0)
0 + j*(0)
0 + j*(0)
0 + j*(0)
0 + j*(0)
0 + j*(0)
0 + j*(0)
0 + j*(0)
0 + j*(0)
0 + j*(0)
0 + j*(0)
0 + j*(0)
0 + j*(0)
0 + j*(0)
0 + j*(0)
0 + j*(0)
0 + j*(0)
0 + j*(0)
0 + j*(0)
0 + j*(0)
0 + j*(0)
0 + j*(0)
0 + j*(0)
0 + j*(0)
0 + j*(0)
0 + j*(0)
0 + j*(0)
0 + j*(0)
0 + j*(0)
0 + j*(0)
0 + j*(0)
0 + j*(0)
0 + j*(0)
0 + j*(0)
0 + j*(0)
0 + j*(0)
0 + j*(0)
0 + j*(0)
0 + j*(0)
0 + j*(0)
0 + j*(0)
0 + j*(0)
0 + j*(0)
0 + j*(0)
0 + j*(0)
0 + j*(0)
0 + j*(0)
0 + j*(0)
0 + j*(0)
0 + j*(0)
0 + j*(0)
0 + j*(0)
-12 + j*(162)
-22 + j*(326)
-30 + j*(492)
-40 + j*(654)
-48 + j*(818)
-212 + j*(1152)
-236 + j*(914)
-254 + j*(676)
-276 + j*(446)
-296 + j*(206)
-316 + j*(-28)
-334 + j*(-262)
-250 + j*(-278)
-170 + j*(-298)
-84 + j*(-308)
-66 + j*(-298)
-44 + j*(-284)
-24 + j*(-266)
36 + j*(-264)
96 + j*(-260)
160 + j*(-252)
202 + j*(-188)
248 + j*(-120)
294 + j*(-50)
158 + j*(142)
20 + j*(334)
-112 + j*(526)
-164 + j*(606)
-214 + j*(688)
-264 + j*(768)
-196 + j*(722)
-132 + j*(676)
-62 + j*(634)
-44 + j*(614)
-24 + j*(598)
0 + j*(578)
0 + j*(390)
6 + j*(200)
12 + j*(16)
44 + j*(-128)
82 + j*(-270)
120 + j*(-410)
108 + j*(-256)
96 + j*(-102)
88 + j*(56)
6 + j*(158)
-78 + j*(266)
-156 + j*(376)
-106 + j*(304)
-52 + j*(234)
2 + j*(170)
124 + j*(166)
250 + j*(168)
378 + j*(168)
340 + j*(322)
298 + j*(474)
260 + j*(632)
186 + j*(720)
114 + j*(814)
38 + j*(908)
14 + j*(624)
-10 + j*(342)
-30 + j*(60)
20 + j*(-198)
70 + j*(-452)
120 + j*(-702)
230 + j*(-584)
344 + j*(-462)
454 + j*(-338)
444 + j*(-262)
432 + j*(-188)
424 + j*(-108)
220 + j*(-104)
16 + j*(-96)
-184 + j*(-90)
-308 + j*(6)
-426 + j*(100)
-544 + j*(198)
-496 + j*(174)
-444 + j*(152)
-396 + j*(134)
-382 + j*(8)
-368 + j*(-114)
-352 + j*(-236)
-430 + j*(-258)
-504 + j*(-274)
-578 + j*(-292)
-662 + j*(-260)
-744 + j*(-228)
-824 + j*(-196)
-772 + j*(-162)
-718 + j*(-126)
-658 + j*(-90)
-544 + j*(-22)
-432 + j*(48)
-316 + j*(118)
-224 + j*(160)
-132 + j*(204)
-40 + j*(250)
50 + j*(248)
142 + j*(244)
238 + j*(248)
272 + j*(248)
308 + j*(250)
346 + j*(250)
