dl0_r3_llr = [135
-79
-95
106
32
-69
20
-176
-38
-122
-3
-37
-78
-258
42
-73
179
-268
-541
174
87
-51
-257
334
227
433
185
324
-152
-58
-38
-36
31
76
10
-5
24
136
-78
224
-254
149
-85
-263
280
-245
-26
116
1
253
146
-118
-113
-113
-85
-268
-84
-158
43
-91
71
-51
26
-90
-82
131
-64
-84
-60
30
-163
136
-196
156
-52
-457
17
312
112
-106
585
146
151
-265
-326
272
439
-579
-271
-349
-284
-78
-271
-140
-87
25
-31
-152
98
102
69
-44
193
-256
365
-127
-12
39
-227
14
77
39
57
77
50
-23
-86
-157
-257
31
-14
-5
115
286
200
355
65
-153
-337
-81
55
-246
-94
127
33
105
138
-105
-64
10
-210
-27
56
156
55
94
-103
-10
149
242
239
-176
-45
-348
-181
0
-239
110
77
-146
-229
-24
394
-43
151
68
95
-251
-175
-104
23
65
-116
87
-93
19
-118
67
-173
28
-33
-69
64
-157
-47
56
-78
19
13
12
6
137
-192
183
-85
-21
70
169
114
164
-3
-20
515
-104
51
551
11
315
-33
-358
198
-241
54
68
150
-39
114
62
48
15
21
-89
58
82
-78
40
-101
142
129
-114
10
79
-67
-25
-120
28
-55
-123
246
-222
-229
214
26
179
-319
136
235
78
-96
63
-344
-131
12
-4
-206
-35
157
-113
-88
-221
-57
213
-178
-77
-46
-187
-18
114
-44
16
-11
0
12
-49
-32
-121
106
37
-54
-71
-192
-67
27
-11
-55
-124
-149
-225
-154
-231
-271
111
180
-105
13
-54
-161
-156
0
137
5
53
92
-7
192
109
191
220
14
-201
1
-17
-81
166
-47
189
125
221
5
6
-58
70
58
70
78
31
-193
-36
-47
270
-165
-190
-15
-172
513
305
99
-522
308
507
-118
-61
80
-75
249
-57
-69
106
-41
191
325
-27
-85
161
192
-40
21
-282
78
109
-15
2
-117
56
-20
-24
20
-11
19
172
-30
-327
67
52
149
85
84
-203
37
-81
133
-128
-65
-154
-298
28
146
84
-36
74
226
-349
-22
232
329
-293
189
319
47
278
-92
90
-107
-173
-39
41
54
186
315
-271
124
-38
37
-37
-86
248
-167
148
-45
152
189
68
-260
-48
-348
-453
133
-467
-154
-230
23
-273
-214
-176
-27
93
-48
-83
-88
-12
70
31
125
109
-42
13
66
-172
22
72
-30
-89
93
4
63
113
-209
-132
241
140
-428
-38
81
119
-109
-84
50
59
60
-189
143
13
229
-292
-71
-279
-18
-222
282
-135
-120
322
-235
-139
-236
-103
-389
49
91
48
-27
-217
-15
-26
133
12
224
65
-87
-3
72
-14
39
-118
-69
52
16
-74
33
-72
-79
88
-14
-24
6
61
61
-165
-63
-63
58
-36
-17
-113
-158
201
36
50
84
-77
113
-156
33
150
125
102
58
225
-219
-13
-52
240
259
198
-168
-23
49
50
110
48
-79
15
55
-96
202
-163
15
45
-58
-79
14
7
289
-14
12
139
-214
-376
32
242
242
219
-125
11
-164
62
-158
-42
20
-64
-186
96
-307
10
169
-80
136
58
-158
173
239
-600
-527
3
392
-40
17
392
-32
128
-99
-83
-40
82
44
-27
-74
-31
-4
-22
-77
-57
-170
172
-69
216
63
0
341
88
-204
36
174
-220
-109
-146
-250
108
32
8
-2
-14
71
21
-29
-17
148
110
47
167
-76
-338
-67
75
90
-91
-181
-178
52
337
87
440
-12
-57
448
-118
-1
89
-28
-68
-50
119
-67
-4
-92
-7
-30
-203
-188
-48
57
3
-1
-106
37
-59
262
-124
57
-368
-235
455
-34
-306
-228
85
-320
-302
102
14
-316
-177
317
-121
120
58
6
41
-15
-105
166
26
34
192
76
158
-72
44
-526
-127
-73
-165
102
-73
91
-67
-78
70
-91
1
-172
25
280
-200
95
134
57
-51
-59
41
70
127
138
-74
192
-133
-112
88
-64
-8
13
-79
33
-64
-22
229
-12
-119
158
110
285
-66
-156
36
-22
84
-44
-130
-6
352
75
-146
-54
-51
-110
22
-228
19
-95
-162
-35
38
123
-7
-255
-194
-61
122
51
58
40
143
-119
27
-43
-62
-146
13
241
196
26
-88
123
-306
-24
9
57
100
98
-135
438
99
307
-181
65
149
-20
-147
2
152
-296
-3
-117
-103
-7
3
-37
123
-4
64
283
233
-130
76
41
81
-17
46
31
-99
15
-135
-24
45
94
-42
31
16
-30
114
36
-245
-174
13
28
-84
255
0
-124
-61
60
54
254
511
-232
112
55
295
-126
-34
89
53
18
-24
16
94
-153
134
118
13
29
29
20
56
42
149
-213
330
162
15
39
483
-128
303
-9
-257
34
-45
104
-546
160
-105
-31
-56
141
15
-101
126
-15
-128
26
213
-14
189
-222
-75
80
-80
-17
-57
-250
-110
172
-183
153
19
38
-133
-51
-29
57
-13
-143
-103
107
-92
-32
149
-162
-403
-372
-226
-259
-139
69
-225
62
187
30
233
1
-35
-51
140
-83
-283
26
135
348
209
-63
140
141
-117
60
262
-17
-54
37
-60
-64
116
59
140
65
28
-40
-57
34
-25
-106
-1
-198
-62
-92
-6
15
58
-65
80
99
87
-54
3
-100
-68
67
192
-117
-65
-62
173
-378
-6
-380
-111
256
-36
108
21
25
-112
-202
172
-24
-118
3
-82
206
-289
77
-62
89
304
-10
87
117
113
289
-170
-215
-38
6
117
-322
23
-295
-175
232
-119
13
-603
136
47
-146
-16
-82
-49
-145
61
-6
89
211
-139
229
-135
-38
47
-32
-243
-36
-179
85
207
28
90
-203
109
89
147
216
3
-269
-210
-92
29
329
32
-151
178
-95
38
-194
691
6
153
-138
39
-302
-375
160
15
-105
171
502
-279
113
124
276
-16
-194
272
-294
277
-179
-118
-286
142
115
142
134
32
150
85
51
-52
47
-170
4
-9
-62
-27
97
-62
106
-203
22
-132
38
71
-63
81
13
-130
-60
-15
-8
138
-224
-47
109
-77
122
-36
112
-146
165
-105
-87
-87
69
-57
6
36
33
-23
-4
73
-162
-127
0
64
17
7
-5
35
-9
-44
89
-25
47
231
41
-80
61
164
172
-320
97
95
44
-273
69
-87
-225
-222
50
-273
225
-54
242
95
411
79
70
-323
467
133
81
103
498
-117
-461
272
-293
-569
-213
-127
503
177
264
-165
-31
278
-91
-309
-209
185
156
-50
-170
51
53
91
96
121
111
-164
45
22
202
-202
160
-98
81
49
-108
-1
144
41
24
-198
16
32
55
-143
-52
43
-149
-10
-279
-45
-184
-55
-145
-99
280
-16
188
-102
193
-218
257
64
350
-171
-268
-31
-263
-92
-136
-56
124
-16
154
-19
169
-196
-100
157
20
-53
-59
-300
184
-285
225
-60
-128
-493
328
143
-473
456
239
327
324
-113
-194
-95
329
-212
-139
-342
-139
-184
-67
-89
-66
-233
170
-300
165
326
35
113
147
149
-22
193
-221
268
-161
145
188
176
-81
-25
-18
116
114
-21
252
72
5
-4
62
-162
-48
-193
-43
29
145
-72
-44
42
2
36
-124
-16
127
142
-77
47
38
-4
-138
-42
-89
-435
-13
-227
-106
231
-52
139
-27
37
72
72
-121
-69
238
311
55
4
-297
462
239
-36
227
483
57
-93
20
118
273
36
-4
10
-65
-3
41
175
103
-319
-29
-25
218
-39
-186
-18
-157
-63
-203
10
-58
146
100
-132
-94
-52
-157
11
-76
39
-197
-44
139
131
77
146
31
-47
2
-12
-70
90
-93
-42
40
-5
-45
85
139
66
96
-35
111
-106
115
117
51
-52
-22
90
-44
53
188
123
116
-1
-25
-14
25
-17
203
-239
271
-104
-77
-154
-160
82
54
12
-311
119
203
79
106
-13
88
78
-91
169
32
126
-73
-272
104
209
-55
271
-25
-62
383
150
117
-302
102
326
-274
-422
125
-121
-162
-306
-207
387
-115
85
-10
350
82
-209
-66
-109
-27
215
-48
-103
-2
-57
205
-62
152
443
91
345
-71
155
-279
527
-119
183
64
113
-90
149
-97
6
-91
-95
158
-87
-203
-188
82
154
-346
-111
105
-115
79
-36
9
-81
95
-29
-147
-29
96
-95
67
-59
-26
29
-152
-94
56
-47
103
-291
28
442
-45
33
53
255
-21
-62
102
48
-294
-54
165
51
-74
-24
-75
-131
-113
30
-8
-117
-103
57
-132
-59
-142
-123
-236
-69
-57
3
128
107
-59
-105
116
-99
78
72
-17
-40
18
162
-183
41
-32
-42
185
43
29
29
-81
-3
145
-27
146
-67
22
92
-32
-11
-52
79
163
191
-151
26
40
81
91
241
-339
-279
402
240
131
-84
36
267
36
-93
-100
-63
-81
188
20
98
136
188
152
-266
-126
57
103
-62
124
-66
32
162
-57
83
117
86
136
-110
320
-82
199
478
-75
-121
47
-238
247
-113
-264
72
-285
66
268
1121
-569
9
-464
-265
-187
-320
74
59
-354
260
-149
-222
363
-361
-46
269
89
188
-29
-172
242
-9
1
-114
-126
105
8
315
-347
-378
162
78
-37
27
60
5
-8
-86
-143
40
135
79
-4
73
77
64
87
89
-221
112
-54
-107
-46
297
-93
-349
-51
184
-325
399
95
53
406
-138
-183
233
-199
-62
150
-146
-322
-344
253
-170
-197
-242
61
-43
1
24
-24
22
-68
52
0
-76
17
-117
-169
113
178
-286
17
-211
-458
-77
-209
-40
-24
149
-89
-135
-299
113
111
22
-271
88
99
-185
-70
-48
-258
-32
-23
46
42
-74
70
84
-225
-141
-34
-19
231
-21
305
-25
260
337
-57
42
121
-32
10
-77
214
103
-22
19
167
3
-59
-187
116
-76
101
-240
144
44
-130
-40
34
28
-26
147
1
-43
-144
19
221
-205
-121
76
-227
-227
-44
-11
-152
-137
269
-7
94
50
-547
-70
14
10
71
4
244
201
366
177
110
-216
-144
522
87
546
124
-51
-742
99
70
-211
304
49
-209
364
-195
382
-239
-271
-310
255
-19
163
-119
84
-343
217
197
-221
-71
-83
74
5
218
250
-102
292
154
171
184
26
7
-103
-146
-98
-43
24
-52
-111
100
8
216
135
278
-303
-35
-114
8
-183
150
135
-207
-128
32
513
-95
316
9
229
-84
100
-66
310
-3
-444
-53
-75
-93
-135
92
-383
-155
-115
-50
-192
-6
-256
14
-65
-66
-139
-70
-56
179
-37
-396
-186
334
133
-96
95
-34
-163
-51
-4
30
-87
-83
158
105
-87
-338
-169
282
-5
1
-53
9
-38
-95
-43
-8
-79
-118
-90
14
-91
-3
-232
-124
-38
-144
20
118
-11
-26
-40
-53
64
173
181
-158
316
66
-103
190
-141
231
39
148
-238
-4
-8
-68
22
187
109
-247
-186
121
357
-76
-6
126
-36
104
160
7
-180
0
