dl01_r1 = [-96 + j*(20)
-192 + j*(44)
-284 + j*(68)
-380 + j*(88)
-472 + j*(112)
-568 + j*(136)
-388 + j*(156)
-208 + j*(180)
-24 + j*(208)
156 + j*(232)
340 + j*(256)
524 + j*(284)
404 + j*(116)
288 + j*(-48)
168 + j*(-212)
52 + j*(-376)
-64 + j*(-544)
-180 + j*(-704)
-28 + j*(-656)
124 + j*(-600)
272 + j*(-552)
428 + j*(-500)
580 + j*(-452)
732 + j*(-396)
616 + j*(-356)
496 + j*(-308)
380 + j*(-264)
264 + j*(-216)
144 + j*(-176)
32 + j*(-128)
152 + j*(44)
276 + j*(220)
404 + j*(392)
524 + j*(568)
648 + j*(740)
776 + j*(916)
608 + j*(700)
444 + j*(488)
284 + j*(268)
116 + j*(56)
-44 + j*(-160)
-208 + j*(-372)
-132 + j*(-296)
-56 + j*(-212)
20 + j*(-128)
96 + j*(-48)
176 + j*(32)
252 + j*(120)
256 + j*(8)
260 + j*(-96)
264 + j*(-196)
272 + j*(-308)
276 + j*(-412)
284 + j*(-512)
180 + j*(-428)
80 + j*(-340)
-24 + j*(-248)
-124 + j*(-160)
-228 + j*(-72)
-324 + j*(20)
-304 + j*(16)
-280 + j*(12)
-260 + j*(8)
-232 + j*(8)
-212 + j*(4)
-188 + j*(4)
-160 + j*(12)
-128 + j*(24)
-100 + j*(32)
-68 + j*(44)
-36 + j*(56)
-4 + j*(68)
-36 + j*(112)
-68 + j*(156)
-100 + j*(200)
-132 + j*(244)
-164 + j*(288)
-192 + j*(336)
-156 + j*(336)
-116 + j*(340)
-76 + j*(344)
-36 + j*(348)
4 + j*(352)
44 + j*(356)
124 + j*(316)
204 + j*(276)
284 + j*(240)
364 + j*(200)
444 + j*(164)
528 + j*(128)
472 + j*(76)
416 + j*(20)
360 + j*(-28)
304 + j*(-84)
248 + j*(-136)
192 + j*(-184)
76 + j*(-152)
-36 + j*(-116)
-152 + j*(-80)
-264 + j*(-48)
-380 + j*(-12)
-492 + j*(24)
-380 + j*(-152)
-260 + j*(-324)
-144 + j*(-496)
-28 + j*(-672)
88 + j*(-844)
208 + j*(-1016)
196 + j*(-828)
188 + j*(-640)
184 + j*(-448)
176 + j*(-260)
168 + j*(-72)
164 + j*(124)
88 + j*(132)
16 + j*(148)
-56 + j*(164)
-132 + j*(180)
-204 + j*(196)
-272 + j*(212)
-224 + j*(148)
-176 + j*(84)
-124 + j*(20)
-72 + j*(-44)
-24 + j*(-108)
28 + j*(-168)
-4 + j*(-152)
-36 + j*(-132)
-68 + j*(-116)
-100 + j*(-96)
-132 + j*(-76)
-160 + j*(-60)
-228 + j*(-100)
-292 + j*(-140)
-352 + j*(-180)
-420 + j*(-220)
-480 + j*(-260)
-544 + j*(-296)
-428 + j*(-132)
-316 + j*(32)
-196 + j*(200)
-84 + j*(364)
36 + j*(532)
152 + j*(700)
144 + j*(592)
136 + j*(484)
132 + j*(380)
120 + j*(272)
116 + j*(168)
112 + j*(64)
0 + j*(96)
-112 + j*(128)
-220 + j*(164)
-332 + j*(200)
-440 + j*(232)
-660 + j*(304)
-612 + j*(196)
-556 + j*(88)
-504 + j*(-12)
-448 + j*(-120)
-400 + j*(-228)
-344 + j*(-328)
-376 + j*(-244)
-400 + j*(-152)
-428 + j*(-60)
-456 + j*(24)
-488 + j*(116)
-512 + j*(208)
-392 + j*(164)
-268 + j*(124)
-144 + j*(88)
-24 + j*(48)
100 + j*(4)
224 + j*(-32)
172 + j*(-92)
116 + j*(-144)
64 + j*(-200)
8 + j*(-260)
-44 + j*(-316)
-96 + j*(-368)
-188 + j*(-144)
-276 + j*(80)
-364 + j*(312)
-452 + j*(536)
-540 + j*(760)
-628 + j*(992)
-380 + j*(832)
-132 + j*(676)
120 + j*(520)
368 + j*(360)
616 + j*(204)
872 + j*(48)
656 + j*(104)
444 + j*(160)
232 + j*(216)
20 + j*(272)
-192 + j*(328)
-404 + j*(384)
-396 + j*(352)
-384 + j*(320)
-376 + j*(288)
-364 + j*(256)
-356 + j*(224)
-344 + j*(192)
-328 + j*(52)
-308 + j*(-88)
-288 + j*(-224)
-272 + j*(-364)
-256 + j*(-500)
-232 + j*(-640)
-200 + j*(-520)
-160 + j*(-400)
-120 + j*(-280)
-84 + j*(-160)
-48 + j*(-40)
-8 + j*(84)
-16 + j*(-64)
-20 + j*(-208)
-28 + j*(-356)
-36 + j*(-500)
-40 + j*(-648)
-44 + j*(-792)
-64 + j*(-676)
-88 + j*(-560)
-108 + j*(-444)
-128 + j*(-328)
-148 + j*(-208)
-168 + j*(-92)
-20 + j*(-72)
132 + j*(-56)
284 + j*(-36)
436 + j*(-12)
588 + j*(8)
740 + j*(28)
572 + j*(64)
408 + j*(100)
240 + j*(136)
76 + j*(172)
-92 + j*(208)
-252 + j*(248)
-200 + j*(172)
-140 + j*(100)
-84 + j*(28)
-24 + j*(-48)
32 + j*(-120)
92 + j*(-192)
96 + j*(-132)
100 + j*(-72)
104 + j*(-12)
108 + j*(48)
112 + j*(108)
120 + j*(168)
100 + j*(112)
84 + j*(56)
68 + j*(0)
52 + j*(-52)
32 + j*(-108)
16 + j*(-164)
20 + j*(-100)
32 + j*(-32)
36 + j*(32)
44 + j*(100)
48 + j*(168)
60 + j*(236)
-68 + j*(188)
-192 + j*(144)
-320 + j*(100)
-444 + j*(56)
-572 + j*(8)
-696 + j*(-32)
-696 + j*(-48)
-692 + j*(-56)
-692 + j*(-68)
-688 + j*(-80)
-688 + j*(-92)
-684 + j*(-100)
-568 + j*(-40)
-444 + j*(24)
-320 + j*(88)
-200 + j*(148)
-80 + j*(212)
48 + j*(280)
36 + j*(272)
32 + j*(268)
32 + j*(268)
24 + j*(264)
16 + j*(260)
16 + j*(260)
-44 + j*(188)
-100 + j*(116)
-156 + j*(44)
-216 + j*(-28)
-276 + j*(-96)
-328 + j*(-164)
-212 + j*(-256)
-88 + j*(-348)
32 + j*(-440)
152 + j*(-528)
272 + j*(-620)
396 + j*(-708)
516 + j*(-804)
636 + j*(-892)
756 + j*(-984)
876 + j*(-1072)
1000 + j*(-1168)
0 + j*(0)
0 + j*(0)
0 + j*(0)
0 + j*(0)
0 + j*(0)
0 + j*(0)
0 + j*(0)
0 + j*(0)
0 + j*(0)
0 + j*(0)
0 + j*(0)
0 + j*(0)
0 + j*(0)
0 + j*(0)
0 + j*(0)
0 + j*(0)
0 + j*(0)
0 + j*(0)
0 + j*(0)
0 + j*(0)
0 + j*(0)
0 + j*(0)
0 + j*(0)
0 + j*(0)
0 + j*(0)
0 + j*(0)
0 + j*(0)
0 + j*(0)
0 + j*(0)
0 + j*(0)
0 + j*(0)
0 + j*(0)
0 + j*(0)
0 + j*(0)
0 + j*(0)
0 + j*(0)
0 + j*(0)
0 + j*(0)
0 + j*(0)
0 + j*(0)
0 + j*(0)
0 + j*(0)
0 + j*(0)
0 + j*(0)
0 + j*(0)
0 + j*(0)
0 + j*(0)
0 + j*(0)
0 + j*(0)
0 + j*(0)
0 + j*(0)
0 + j*(0)
0 + j*(0)
0 + j*(0)
0 + j*(0)
0 + j*(0)
0 + j*(0)
0 + j*(0)
0 + j*(0)
0 + j*(0)
0 + j*(0)
0 + j*(0)
0 + j*(0)
0 + j*(0)
0 + j*(0)
0 + j*(0)
0 + j*(0)
0 + j*(0)
0 + j*(0)
0 + j*(0)
0 + j*(0)
0 + j*(0)
0 + j*(0)
0 + j*(0)
0 + j*(0)
0 + j*(0)
0 + j*(0)
0 + j*(0)
0 + j*(0)
0 + j*(0)
0 + j*(0)
0 + j*(0)
0 + j*(0)
0 + j*(0)
0 + j*(0)
0 + j*(0)
0 + j*(0)
0 + j*(0)
0 + j*(0)
0 + j*(0)
0 + j*(0)
0 + j*(0)
0 + j*(0)
0 + j*(0)
0 + j*(0)
0 + j*(0)
0 + j*(0)
0 + j*(0)
0 + j*(0)
0 + j*(0)
0 + j*(0)
0 + j*(0)
0 + j*(0)
0 + j*(0)
0 + j*(0)
0 + j*(0)
0 + j*(0)
0 + j*(0)
0 + j*(0)
0 + j*(0)
0 + j*(0)
0 + j*(0)
0 + j*(0)
0 + j*(0)
0 + j*(0)
0 + j*(0)
0 + j*(0)
0 + j*(0)
0 + j*(0)
0 + j*(0)
0 + j*(0)
0 + j*(0)
0 + j*(0)
0 + j*(0)
0 + j*(0)
0 + j*(0)
0 + j*(0)
0 + j*(0)
0 + j*(0)
0 + j*(0)
0 + j*(0)
0 + j*(0)
0 + j*(0)
0 + j*(0)
0 + j*(0)
0 + j*(0)
0 + j*(0)
0 + j*(0)
0 + j*(0)
0 + j*(0)
0 + j*(0)
0 + j*(0)
0 + j*(0)
0 + j*(0)
0 + j*(0)
0 + j*(0)
0 + j*(0)
0 + j*(0)
0 + j*(0)
0 + j*(0)
0 + j*(0)
0 + j*(0)
0 + j*(0)
0 + j*(0)
0 + j*(0)
0 + j*(0)
0 + j*(0)
0 + j*(0)
0 + j*(0)
0 + j*(0)
0 + j*(0)
0 + j*(0)
0 + j*(0)
0 + j*(0)
0 + j*(0)
0 + j*(0)
0 + j*(0)
0 + j*(0)
0 + j*(0)
0 + j*(0)
0 + j*(0)
0 + j*(0)
0 + j*(0)
0 + j*(0)
0 + j*(0)
0 + j*(0)
0 + j*(0)
0 + j*(0)
0 + j*(0)
0 + j*(0)
0 + j*(0)
0 + j*(0)
0 + j*(0)
0 + j*(0)
0 + j*(0)
0 + j*(0)
0 + j*(0)
0 + j*(0)
0 + j*(0)
0 + j*(0)
0 + j*(0)
0 + j*(0)
0 + j*(0)
0 + j*(0)
0 + j*(0)
0 + j*(0)
0 + j*(0)
0 + j*(0)
0 + j*(0)
0 + j*(0)
0 + j*(0)
0 + j*(0)
0 + j*(0)
0 + j*(0)
0 + j*(0)
0 + j*(0)
0 + j*(0)
-72 + j*(14)
-144 + j*(32)
-214 + j*(50)
-286 + j*(66)
-354 + j*(84)
-342 + j*(238)
-232 + j*(212)
-120 + j*(192)
-6 + j*(176)
102 + j*(154)
216 + j*(132)
330 + j*(114)
216 + j*(-52)
106 + j*(-214)
-8 + j*(-376)
-76 + j*(-480)
-144 + j*(-586)
-212 + j*(-686)
-78 + j*(-630)
54 + j*(-570)
186 + j*(-514)
318 + j*(-468)
448 + j*(-424)
578 + j*(-374)
506 + j*(-334)
432 + j*(-290)
362 + j*(-248)
230 + j*(-204)
96 + j*(-168)
-30 + j*(-124)
16 + j*(10)
64 + j*(150)
118 + j*(288)
232 + j*(402)
350 + j*(512)
472 + j*(628)
370 + j*(448)
270 + j*(274)
176 + j*(90)
82 + j*(-22)
-4 + j*(-136)
-94 + j*(-250)
-4 + j*(-144)
88 + j*(-36)
176 + j*(76)
212 + j*(126)
248 + j*(176)
282 + j*(232)
264 + j*(140)
244 + j*(52)
226 + j*(-34)
208 + j*(-130)
186 + j*(-220)
170 + j*(-308)
68 + j*(-258)
-28 + j*(-204)
-128 + j*(-148)
-182 + j*(-72)
-238 + j*(2)
-286 + j*(80)
-248 + j*(88)
-208 + j*(92)
-170 + j*(102)
-174 + j*(84)
-186 + j*(64)
-196 + j*(50)
-200 + j*(38)
-202 + j*(32)
-208 + j*(24)
-162 + j*(20)
-116 + j*(18)
-70 + j*(14)
-72 + j*(36)
-74 + j*(56)
-76 + j*(80)
-90 + j*(116)
-102 + j*(154)
-112 + j*(196)
-74 + j*(200)
-32 + j*(206)
8 + j*(216)
32 + j*(214)
54 + j*(216)
78 + j*(216)
132 + j*(184)
186 + j*(152)
240 + j*(122)
298 + j*(96)
358 + j*(70)
422 + j*(48)
380 + j*(12)
338 + j*(-28)
296 + j*(-60)
234 + j*(-104)
174 + j*(-144)
114 + j*(-182)
6 + j*(-158)
-96 + j*(-134)
-200 + j*(-108)
-278 + j*(-94)
-358 + j*(-76)
-434 + j*(-58)
-342 + j*(-200)
-244 + j*(-340)
-148 + j*(-476)
-70 + j*(-574)
12 + j*(-670)
