dl0_r2_llr = [-92
260
184
-306
213
-358
-21
-247
142
52
230
271
-373
350
-17
169
-204
397
57
251
-32
149
111
-367
235
124
114
250
-280
-112
-139
247
-337
85
-266
-88
-244
-301
-88
328
313
27
-48
-202
-231
84
-146
34
-58
211
-126
-26
175
106
-59
158
-255
-60
308
-157
-294
-29
272
-427
368
-310
234
110
-337
188
-216
312
-188
182
-167
-103
266
280
45
9
39
-470
-47
-369
-83
202
-248
-46
104
68
322
-149
-312
405
133
-506
218
-65
-158
-172
-336
-494
-289
331
-17
-290
-465
370
212
261
-98
-105
147
291
-329
93
-176
-319
-101
183
236
-451
214
-336
248
-244
-171
258
194
287
148
-267
301
280
300
299
221
348
-372
-208
-350
317
77
-49
14
150
-84
181
105
-41
345
166
-476
232
-222
-77
312
451
-171
-1
240
-214
-231
176
-202
-313
133
-242
122
164
-230
418
94
277
157
-110
158
-134
167
212
135
-21
-65
-117
-170
4
-20
149
-248
-313
284
-293
-326
213
-480
-199
104
-245
388
17
153
141
-146
43
188
86
147
-306
42
68
-161
11
55
116
29
-66
-108
357
-53
-82
21
257
-12
-164
-221
178
-88
76
32
315
-346
31
15
235
-391
-122
-334
43
-441
40
218
-103
320
142
-314
147
-394
-471
73
-21
196
-278
129
-197
261
-191
-56
305
243
-158
156
-305
-183
173
409
260
355
316
-477
44
-260
361
-164
456
487
274
-124
35
121
28
-168
141
-177
397
56
23
-181
-198
173
-331
-17
99
205
333
-359
-86
-43
-2
220
106
67
31
-344
367
-271
376
-276
-326
161
-201
-265
251
-413
-107
-286
208
337
-199
272
-36
254
29
221
620
-309
-381
252
-310
-222
371
-128
-252
-212
334
79
348
226
-205
249
-80
259
102
-218
11
231
-137
-113
-141
-210
163
152
37
-324
1
-170
-18
-99
-185
172
-92
74
52
-232
167
-111
133
41
-168
-153
-527
176
-288
298
98
151
-427
126
-129
124
145
32
227
130
60
-161
-331
9
-266
316
121
83
-90
-169
39
-103
265
-114
-122
-314
-2
204
117
-66
48
-415
-61
157
121
310
-112
-96
73
-193
-128
162
-52
143
354
125
102
-159
-98
126
101
22
154
-11
370
-72
225
163
47
303
-3
169
8
212
60
149
227
330
197
-367
330
35
111
75
-277
-246
-95
-221
247
265
17
-413
-249
137
-322
316
118
-265
-304
242
95
87
-182
39
-277
212
-31
-170
115
-353
279
360
-8
195
299
-89
-5
-82
-470
-238
522
218
89
-213
-175
216
228
-123
237
83
-272
10
-94
-91
-96
-158
189
-248
-168
166
158
-142
75
84
219
-45
-144
-21
129
-142
-135
237
234
-219
58
227
216
-169
-212
-76
-94
-78
-276
-67
227
-364
-161
198
90
-326
-220
206
75
-121
-64
-16
197
121
235
70
-294
118
-253
-58
13
119
5
-213
92
62
127
96
-47
163
-73
155
61
180
80
-367
-50
-282
-414
153
455
-193
169
108
196
-173
-67
356
386
115
254
371
-602
-344
-132
255
71
418
257
-405
182
542
-446
-540
-11
-109
369
604
180
399
216
-389
145
440
-281
-339
-361
-12
-214
-567
91
205
101
-677
-315
-135
185
-73
-404
-5
-165
147
-357
38
76
-18
151
119
57
83
269
-108
-71
16
-175
37
-193
65
-232
-194
-181
220
219
-422
-238
321
100
-69
160
200
99
255
38
-213
-145
-179
99
-56
-25
-40
-132
178
146
199
288
-65
139
-257
-273
-221
-164
241
-92
199
-183
88
327
208
120
-221
-102
202
-29
-157
-47
-331
26
104
350
-35
16
-225
104
-45
-171
66
307
-168
27
275
-421
266
370
-435
127
-54
58
135
480
41
-270
36
-330
-119
291
255
120
354
-613
154
-337
181
119
174
-114
183
163
-194
117
129
212
-341
223
-284
81
159
-188
183
-236
356
126
149
239
71
361
99
-4
412
-218
132
-111
299
139
541
-24
16
-250
204
-73
-213
71
22
187
-31
178
52
-428
222
-199
325
61
294
330
-404
153
-212
-268
213
-36
172
288
-216
-122
-74
-31
-31
119
52
-181
308
-30
-99
-175
266
-105
437
78
289
174
-17
-137
-259
222
-161
-101
152
-144
241
-356
-337
-98
86
186
-114
228
-163
281
-155
-116
-200
-302
189
-252
136
179
115
101
38
9
78
-250
166
-95
-286
-110
279
-262
-109
47
196
110
67
341
-199
5
-75
-410
-94
-217
268
53
147
-215
-363
201
207
226
-179
254
-61
124
107
207
-182
-264
234
-235
75
148
308
-60
424
383
-129
-285
-201
-409
-109
-218
324
323
-496
107
17
-284
279
-216
208
-385
-420
378
-267
-45
231
56
-111
199
57
134
-162
250
72
253
123
-241
105
143
141
-257
-354
114
523
-122
-41
251
424
-11
-784
-230
-147
-132
-109
-345
233
227
595
77
377
53
324
-232
-318
-353
152
287
-574
-353
-236
-374
-79
209
-131
142
257
-59
109
-39
-58
298
-144
129
-108
101
-284
-129
-226
128
149
322
105
-182
152
94
120
36
-171
-336
180
152
88
226
-153
-374
-116
-86
-82
389
98
-276
23
-94
323
-144
-226
-34
66
-53
460
274
-35
293
-154
147
-231
308
-160
40
246
198
-142
34
-135
190
-75
93
-156
103
-286
-167
133
-280
119
-253
162
-267
-110
277
55
-177
61
-145
48
280
-143
-156
209
-39
221
64
233
267
93
-260
-246
76
-290
416
-151
-401
309
-255
480
162
-3
-91
-277
347
-365
224
-112
188
249
120
83
146
103
-161
-231
-104
-243
236
135
-151
-342
-55
-113
-70
378
241
-189
169
107
-240
56
-136
-15
225
-220
160
27
140
223
359
-133
503
-236
-448
-255
-270
167
-327
-101
45
216
-279
-185
73
-31
266
201
-154
-84
-230
-184
8
57
319
-107
-224
-8
457
186
145
86
57
-26
-311
130
299
-142
-236
-156
212
-213
188
216
-52
211
110
278
183
224
-301
205
124
250
-208
-163
116
-31
58
-124
289
-154
116
187
-299
-169
-256
-24
-356
-73
220
7
-28
-68
-138
-89
-276
-58
155
-218
-125
88
-187
166
-168
-84
-501
319
479
-373
288
314
-143
-61
-133
-532
322
-546
880
-388
263
377
837
-452
220
-112
-133
-281
-253
124
75
531
-645
331
388
-397
-459
96
-199
295
32
-494
194
100
500
551
64
-117
179
516
161
-367
185
-530
-67
-96
-220
-166
-354
-293
368
104
-199
71
-46
-102
46
-9
-99
-85
-38
148
97
123
-19
116
-160
36
-249
225
167
132
-138
-165
-86
423
136
398
15
158
372
-275
11
-12
-335
-93
55
-20
374
-291
-156
-217
-207
-206
-224
168
-107
319
127
-210
-421
338
316
42
369
63
135
-122
-102
-176
-178
-401
213
48
-395
79
-132
136
-207
-285
73
-151
156
128
211
300
-251
219
-56
157
-329
-327
142
88
137
263
-283
-469
69
-374
174
-120
-579
1
118
259
-276
-336
155
507
-36
-222
-320
105
410
74
-277
-434
277
-361
-205
-180
-35
206
-274
-297
-220
359
-170
357
308
165
-174
-357
-30
-116
-209
31
308
156
-51
29
-639
-107
141
54
-218
-298
84
445
182
159
397
-119
-135
258
175
-292
100
34
-193
343
-222
-214
-141
-11
-279
146
-121
-153
-84
74
134
-70
-132
-55
64
20
-39
100
-4
-47
-52
-21
357
260
215
70
-166
-96
-137
22
130
202
260
-38
190
-173
239
162
-110
41
-47
-15
-209
206
-379
-25
238
12
232
404
-44
190
80
236
105
219
485
112
14
483
-222
-217
-135
-204
27
277
292
174
422
79
239
-551
-189
206
123
262
156
-238
-186
-137
-14
-14
-197
383
-196
-189
-119
-241
-265
123
-259
-212
381
-12
-522
-171
54
163
91
84
135
-9
120
-182
-278
-284
11
102
-199
-275
404
-255
-276
-213
-129
33
316
-447
-239
283
145
150
-340
-218
53
72
-367
-62
154
106
-463
-158
-413
258
-183
410
-344
-184
11
-343
507
395
87
-195
-423
-413
-510
-225
-257
29
189
431
3
166
-134
-184
400
-156
469
-131
132
256
-341
572
178
223
-186
-344
-260
-217
-20
121
246
-191
-49
-252
-88
-169
86
-149
-165
64
319
-98
-158
-145
-129
-43
154
4
-200
-492
78
-511
-60
-189
115
120
299
-238
104
39
407
166
329
-137
-53
-11
267
-40
-140
-72
-212
-277
-163
-210
449
-467
-334
-47
268
95
-351
42
-301
-19
-245
-229
96
-180
-125
-69
104
44
-328
220
-101
215
232
18
-276
-180
168
199
-60
310
197
-29
-267
112
-178
118
-72
275
16
24
-288
-381
-409
388
252
-77
-338
-267
-397
199
261
245
-181
-39
411
-56
306
245
-321
-300
133
42
-136
128
64
-108
-57
202
39
122
-119
-56
142
234
-64
181
107
129
66
199
-475
-208
323
-211
85
169
-82
237
-55
386
70
42
201
-205
-139
2
70
-433
31
-192
190
331
-23
-61
211
517
22
228
91
-172
143
-225
-2
320
231
-245
210
21
142
-53
-240
226
16
12
379
-211
-71
-139
-92
74
-45
-15
256
-18
44
-160
48
64
128
131
31
6
28
222
-98
-162
-116
-53
242
-70
204
116
154
70
146
-298
-9
-94
196
564
115
-173
10
-228
289
-252
-171
77
-131
152
72
-236
85
114
-155
-155
235
133
-173
-231
367
362
321
-195
-56
146
479
-329
-442
280
-340
-365
-359
312
345
537
-433
-402
-632
528
-146
98
392
-70
-369
602
486
-247
-180
445
100
-383
62
-832
354
212
167
-432
-36
-423
-215
-458
-256
290
-125
327
-126
472
559
292
237
64
361
-207
8
258
-169
-58
-180
-86
-196
283
105
234
129
-193
75
-164
-81
250
-244
-331
-394
156
-87
-54
107
-59
-198
-254
184
253
-24
-193
-108
69
-162
297
-255
-299
283
-27
346
3
-36
-237
-17
29
261
-23
349
210
48
-87
-327
-287
-12
131
-5
12
122
266
136
-64
176
459
-36
37
306
-193
-194
-417
-235
-27
300
-79
-96
-430
-42
-437
