dl00_r3 = [8 + j*(20)
16 + j*(40)
24 + j*(64)
32 + j*(84)
40 + j*(108)
48 + j*(128)
40 + j*(168)
36 + j*(208)
32 + j*(252)
24 + j*(292)
20 + j*(336)
16 + j*(380)
212 + j*(308)
412 + j*(240)
612 + j*(168)
812 + j*(100)
1008 + j*(28)
1212 + j*(-36)
824 + j*(-108)
440 + j*(-172)
56 + j*(-240)
-328 + j*(-308)
-716 + j*(-376)
-1096 + j*(-440)
-876 + j*(-528)
-648 + j*(-612)
-416 + j*(-692)
-196 + j*(-776)
32 + j*(-860)
264 + j*(-940)
244 + j*(-764)
232 + j*(-588)
224 + j*(-412)
208 + j*(-236)
196 + j*(-60)
188 + j*(120)
144 + j*(116)
100 + j*(116)
60 + j*(116)
16 + j*(116)
-28 + j*(116)
-64 + j*(116)
-84 + j*(-60)
-100 + j*(-232)
-116 + j*(-404)
-136 + j*(-576)
-152 + j*(-752)
-168 + j*(-920)
-16 + j*(-716)
136 + j*(-504)
292 + j*(-296)
444 + j*(-92)
596 + j*(116)
752 + j*(328)
648 + j*(420)
548 + j*(516)
452 + j*(616)
348 + j*(712)
252 + j*(804)
152 + j*(904)
60 + j*(768)
-32 + j*(636)
-124 + j*(504)
-216 + j*(368)
-308 + j*(236)
-396 + j*(108)
-324 + j*(156)
-248 + j*(208)
-176 + j*(260)
-100 + j*(312)
-28 + j*(364)
48 + j*(420)
52 + j*(400)
56 + j*(388)
60 + j*(372)
64 + j*(360)
68 + j*(344)
76 + j*(332)
28 + j*(248)
-16 + j*(168)
-56 + j*(88)
-100 + j*(8)
-144 + j*(-76)
-184 + j*(-152)
-232 + j*(-140)
-276 + j*(-120)
-320 + j*(-104)
-368 + j*(-88)
-412 + j*(-72)
-456 + j*(-52)
-428 + j*(-100)
-400 + j*(-148)
-372 + j*(-196)
-340 + j*(-244)
-312 + j*(-292)
-284 + j*(-336)
-80 + j*(-188)
128 + j*(-36)
328 + j*(116)
536 + j*(268)
744 + j*(420)
948 + j*(572)
916 + j*(548)
884 + j*(528)
852 + j*(504)
824 + j*(484)
792 + j*(460)
764 + j*(444)
588 + j*(232)
416 + j*(28)
244 + j*(-180)
72 + j*(-384)
-100 + j*(-592)
-268 + j*(-796)
-284 + j*(-672)
-300 + j*(-548)
-312 + j*(-420)
-328 + j*(-296)
-340 + j*(-172)
-352 + j*(-40)
-64 + j*(-104)
220 + j*(-160)
508 + j*(-216)
792 + j*(-280)
1084 + j*(-336)
1372 + j*(-392)
1224 + j*(-284)
1076 + j*(-172)
936 + j*(-56)
788 + j*(52)
644 + j*(164)
504 + j*(280)
324 + j*(168)
148 + j*(56)
-24 + j*(-48)
-204 + j*(-160)
-380 + j*(-268)
-552 + j*(-376)
-440 + j*(-320)
-324 + j*(-264)
-208 + j*(-208)
-92 + j*(-152)
24 + j*(-92)
140 + j*(-36)
156 + j*(-40)
176 + j*(-44)
196 + j*(-48)
216 + j*(-48)
236 + j*(-52)
260 + j*(-52)
212 + j*(16)
172 + j*(84)
132 + j*(148)
88 + j*(220)
48 + j*(288)
-32 + j*(428)
-80 + j*(300)
-124 + j*(176)
-168 + j*(52)
-216 + j*(-72)
-264 + j*(-196)
-304 + j*(-316)
-296 + j*(-260)
-280 + j*(-200)
-268 + j*(-140)
-256 + j*(-80)
-244 + j*(-24)
-228 + j*(40)
-92 + j*(76)
48 + j*(116)
184 + j*(156)
324 + j*(192)
460 + j*(228)
600 + j*(272)
368 + j*(124)
136 + j*(-16)
-96 + j*(-156)
-328 + j*(-300)
-560 + j*(-440)
-792 + j*(-580)
-688 + j*(-540)
-580 + j*(-500)
-476 + j*(-460)
-368 + j*(-416)
-264 + j*(-376)
-156 + j*(-332)
-76 + j*(-424)
12 + j*(-516)
96 + j*(-608)
184 + j*(-700)
268 + j*(-792)
356 + j*(-880)
284 + j*(-796)
212 + j*(-708)
140 + j*(-620)
68 + j*(-532)
-4 + j*(-444)
-72 + j*(-356)
76 + j*(-440)
224 + j*(-520)
372 + j*(-604)
520 + j*(-684)
668 + j*(-768)
816 + j*(-848)
652 + j*(-808)
492 + j*(-760)
332 + j*(-716)
172 + j*(-672)
12 + j*(-628)
-148 + j*(-580)
-104 + j*(-532)
-60 + j*(-484)
-16 + j*(-436)
32 + j*(-388)
76 + j*(-336)
124 + j*(-284)
72 + j*(-240)
24 + j*(-196)
-32 + j*(-152)
-80 + j*(-104)
-132 + j*(-56)
-180 + j*(-12)
-108 + j*(-60)
-28 + j*(-112)
48 + j*(-164)
128 + j*(-212)
204 + j*(-264)
284 + j*(-312)
132 + j*(-220)
-16 + j*(-124)
-164 + j*(-32)
-312 + j*(64)
-460 + j*(160)
-604 + j*(252)
-416 + j*(148)
-224 + j*(40)
-36 + j*(-68)
156 + j*(-172)
348 + j*(-280)
540 + j*(-380)
472 + j*(-368)
400 + j*(-348)
332 + j*(-328)
264 + j*(-308)
196 + j*(-292)
128 + j*(-272)
60 + j*(-188)
-8 + j*(-96)
-72 + j*(-8)
-140 + j*(80)
-208 + j*(168)
-272 + j*(260)
-212 + j*(100)
-144 + j*(-60)
-76 + j*(-220)
-16 + j*(-376)
48 + j*(-536)
120 + j*(-692)
172 + j*(-556)
232 + j*(-420)
292 + j*(-288)
348 + j*(-152)
404 + j*(-12)
468 + j*(124)
364 + j*(16)
264 + j*(-96)
164 + j*(-204)
64 + j*(-308)
-40 + j*(-416)
-136 + j*(-524)
-204 + j*(-524)
-264 + j*(-520)
-324 + j*(-520)
-392 + j*(-520)
-452 + j*(-516)
-512 + j*(-512)
-488 + j*(-500)
-464 + j*(-484)
-436 + j*(-464)
-412 + j*(-448)
-388 + j*(-432)
-360 + j*(-412)
-200 + j*(-396)
-40 + j*(-380)
124 + j*(-364)
284 + j*(-348)
444 + j*(-328)
608 + j*(-308)
496 + j*(-340)
392 + j*(-372)
288 + j*(-400)
180 + j*(-428)
72 + j*(-460)
-32 + j*(-488)
128 + j*(-480)
296 + j*(-464)
460 + j*(-452)
624 + j*(-444)
788 + j*(-432)
956 + j*(-416)
1120 + j*(-408)
1284 + j*(-396)
1448 + j*(-384)
1612 + j*(-376)
1780 + j*(-360)
0 + j*(0)
0 + j*(0)
0 + j*(0)
0 + j*(0)
0 + j*(0)
0 + j*(0)
0 + j*(0)
0 + j*(0)
0 + j*(0)
0 + j*(0)
0 + j*(0)
0 + j*(0)
0 + j*(0)
0 + j*(0)
0 + j*(0)
0 + j*(0)
0 + j*(0)
0 + j*(0)
0 + j*(0)
0 + j*(0)
0 + j*(0)
0 + j*(0)
0 + j*(0)
0 + j*(0)
0 + j*(0)
0 + j*(0)
0 + j*(0)
0 + j*(0)
0 + j*(0)
0 + j*(0)
0 + j*(0)
0 + j*(0)
0 + j*(0)
0 + j*(0)
0 + j*(0)
0 + j*(0)
0 + j*(0)
0 + j*(0)
0 + j*(0)
0 + j*(0)
0 + j*(0)
0 + j*(0)
0 + j*(0)
0 + j*(0)
0 + j*(0)
0 + j*(0)
0 + j*(0)
0 + j*(0)
0 + j*(0)
0 + j*(0)
0 + j*(0)
0 + j*(0)
0 + j*(0)
0 + j*(0)
0 + j*(0)
0 + j*(0)
0 + j*(0)
0 + j*(0)
0 + j*(0)
0 + j*(0)
0 + j*(0)
0 + j*(0)
0 + j*(0)
0 + j*(0)
0 + j*(0)
0 + j*(0)
0 + j*(0)
0 + j*(0)
0 + j*(0)
0 + j*(0)
0 + j*(0)
0 + j*(0)
0 + j*(0)
0 + j*(0)
0 + j*(0)
0 + j*(0)
0 + j*(0)
0 + j*(0)
0 + j*(0)
0 + j*(0)
0 + j*(0)
0 + j*(0)
0 + j*(0)
0 + j*(0)
0 + j*(0)
0 + j*(0)
0 + j*(0)
0 + j*(0)
0 + j*(0)
0 + j*(0)
0 + j*(0)
0 + j*(0)
0 + j*(0)
0 + j*(0)
0 + j*(0)
0 + j*(0)
0 + j*(0)
0 + j*(0)
0 + j*(0)
0 + j*(0)
0 + j*(0)
0 + j*(0)
0 + j*(0)
0 + j*(0)
0 + j*(0)
0 + j*(0)
0 + j*(0)
0 + j*(0)
0 + j*(0)
0 + j*(0)
0 + j*(0)
0 + j*(0)
0 + j*(0)
0 + j*(0)
0 + j*(0)
0 + j*(0)
0 + j*(0)
0 + j*(0)
0 + j*(0)
0 + j*(0)
0 + j*(0)
0 + j*(0)
0 + j*(0)
0 + j*(0)
0 + j*(0)
0 + j*(0)
0 + j*(0)
0 + j*(0)
0 + j*(0)
0 + j*(0)
0 + j*(0)
0 + j*(0)
0 + j*(0)
0 + j*(0)
0 + j*(0)
0 + j*(0)
0 + j*(0)
0 + j*(0)
0 + j*(0)
0 + j*(0)
0 + j*(0)
0 + j*(0)
0 + j*(0)
0 + j*(0)
0 + j*(0)
0 + j*(0)
0 + j*(0)
0 + j*(0)
0 + j*(0)
0 + j*(0)
0 + j*(0)
0 + j*(0)
0 + j*(0)
0 + j*(0)
0 + j*(0)
0 + j*(0)
0 + j*(0)
0 + j*(0)
0 + j*(0)
0 + j*(0)
0 + j*(0)
0 + j*(0)
0 + j*(0)
0 + j*(0)
0 + j*(0)
0 + j*(0)
0 + j*(0)
0 + j*(0)
0 + j*(0)
0 + j*(0)
0 + j*(0)
0 + j*(0)
0 + j*(0)
0 + j*(0)
0 + j*(0)
0 + j*(0)
0 + j*(0)
0 + j*(0)
0 + j*(0)
0 + j*(0)
0 + j*(0)
0 + j*(0)
0 + j*(0)
0 + j*(0)
0 + j*(0)
0 + j*(0)
0 + j*(0)
0 + j*(0)
0 + j*(0)
0 + j*(0)
0 + j*(0)
0 + j*(0)
0 + j*(0)
0 + j*(0)
0 + j*(0)
0 + j*(0)
0 + j*(0)
0 + j*(0)
0 + j*(0)
0 + j*(0)
0 + j*(0)
0 + j*(0)
0 + j*(0)
0 + j*(0)
0 + j*(0)
0 + j*(0)
0 + j*(0)
6 + j*(14)
12 + j*(30)
18 + j*(48)
24 + j*(62)
30 + j*(80)
248 + j*(38)
228 + j*(60)
210 + j*(84)
194 + j*(110)
174 + j*(134)
154 + j*(162)
138 + j*(188)
270 + j*(128)
406 + j*(72)
542 + j*(12)
688 + j*(-16)
832 + j*(-46)
980 + j*(-70)
686 + j*(-100)
394 + j*(-124)
102 + j*(-150)
-186 + j*(-218)
-476 + j*(-282)
-758 + j*(-348)
-592 + j*(-428)
-418 + j*(-508)
-242 + j*(-584)
-118 + j*(-644)
16 + j*(-706)
152 + j*(-764)
98 + j*(-630)
50 + j*(-496)
6 + j*(-362)
32 + j*(-246)
62 + j*(-130)
94 + j*(-10)
100 + j*(-30)
106 + j*(-46)
114 + j*(-60)
52 + j*(-86)
-12 + j*(-110)
-68 + j*(-132)
-114 + j*(-290)
-156 + j*(-442)
-196 + j*(-594)
-198 + j*(-684)
-198 + j*(-778)
-196 + j*(-864)
-70 + j*(-674)
56 + j*(-476)
186 + j*(-280)
262 + j*(-114)
338 + j*(58)
418 + j*(232)
304 + j*(314)
190 + j*(402)
80 + j*(492)
60 + j*(556)
46 + j*(616)
28 + j*(684)
16 + j*(576)
4 + j*(468)
-8 + j*(362)
-108 + j*(250)
-208 + j*(140)
-304 + j*(32)
-280 + j*(58)
-254 + j*(88)
-230 + j*(116)
-168 + j*(146)
-108 + j*(176)
-46 + j*(208)
-38 + j*(186)
-28 + j*(166)
-20 + j*(146)
-28 + j*(164)
-38 + j*(180)
-44 + j*(196)
-90 + j*(162)
-134 + j*(128)
-176 + j*(96)
-186 + j*(40)
-194 + j*(-20)
-198 + j*(-72)
-210 + j*(-60)
-220 + j*(-40)
-226 + j*(-22)
-298 + j*(-10)
-368 + j*(6)
-434 + j*(22)
-450 + j*(-12)
-464 + j*(-46)
-478 + j*(-78)
-392 + j*(-142)
-308 + j*(-206)
-226 + j*(-264)
-10 + j*(-180)
208 + j*(-94)
420 + j*(-6)
554 + j*(140)
