dl00_r0 = [-72 + j*(76)
-144 + j*(156)
-212 + j*(232)
-284 + j*(312)
-352 + j*(388)
-424 + j*(468)
-448 + j*(420)
-476 + j*(376)
-500 + j*(332)
-528 + j*(288)
-552 + j*(244)
-576 + j*(200)
-608 + j*(92)
-636 + j*(-16)
-668 + j*(-124)
-696 + j*(-232)
-728 + j*(-340)
-756 + j*(-444)
-672 + j*(-424)
-584 + j*(-396)
-500 + j*(-376)
-412 + j*(-348)
-328 + j*(-328)
-240 + j*(-300)
-216 + j*(-108)
-188 + j*(88)
-164 + j*(280)
-136 + j*(476)
-108 + j*(668)
-84 + j*(864)
32 + j*(788)
148 + j*(712)
264 + j*(640)
380 + j*(564)
496 + j*(492)
616 + j*(416)
420 + j*(340)
228 + j*(264)
36 + j*(188)
-156 + j*(112)
-352 + j*(36)
-540 + j*(-36)
-504 + j*(-92)
-464 + j*(-140)
-428 + j*(-196)
-388 + j*(-244)
-352 + j*(-300)
-312 + j*(-348)
-280 + j*(-268)
-248 + j*(-180)
-212 + j*(-96)
-180 + j*(-8)
-148 + j*(76)
-112 + j*(164)
-208 + j*(72)
-296 + j*(-16)
-384 + j*(-104)
-480 + j*(-192)
-568 + j*(-280)
-656 + j*(-364)
-504 + j*(-96)
-348 + j*(172)
-188 + j*(440)
-36 + j*(708)
120 + j*(980)
280 + j*(1252)
196 + j*(1016)
112 + j*(780)
32 + j*(544)
-52 + j*(312)
-136 + j*(76)
-216 + j*(-156)
-212 + j*(-76)
-204 + j*(12)
-200 + j*(96)
-192 + j*(180)
-188 + j*(264)
-180 + j*(352)
-276 + j*(308)
-364 + j*(268)
-456 + j*(232)
-544 + j*(188)
-640 + j*(148)
-728 + j*(112)
-508 + j*(-4)
-280 + j*(-120)
-56 + j*(-228)
164 + j*(-344)
388 + j*(-456)
616 + j*(-568)
456 + j*(-624)
300 + j*(-680)
148 + j*(-732)
-12 + j*(-788)
-168 + j*(-844)
-320 + j*(-896)
-284 + j*(-820)
-244 + j*(-740)
-200 + j*(-664)
-160 + j*(-588)
-124 + j*(-512)
-80 + j*(-432)
-160 + j*(-292)
-232 + j*(-148)
-312 + j*(-4)
-388 + j*(136)
-468 + j*(280)
-540 + j*(424)
-532 + j*(364)
-520 + j*(304)
-512 + j*(252)
-496 + j*(192)
-488 + j*(136)
-476 + j*(84)
-288 + j*(172)
-96 + j*(264)
92 + j*(356)
284 + j*(448)
472 + j*(544)
664 + j*(636)
456 + j*(684)
256 + j*(728)
52 + j*(776)
-152 + j*(824)
-356 + j*(872)
-556 + j*(920)
-516 + j*(740)
-472 + j*(556)
-428 + j*(376)
-384 + j*(192)
-340 + j*(12)
-292 + j*(-168)
-172 + j*(-24)
-48 + j*(120)
80 + j*(268)
200 + j*(412)
324 + j*(560)
456 + j*(708)
280 + j*(728)
112 + j*(748)
-52 + j*(772)
-224 + j*(792)
-392 + j*(816)
-556 + j*(844)
-392 + j*(728)
-224 + j*(616)
-60 + j*(504)
108 + j*(392)
272 + j*(280)
444 + j*(172)
292 + j*(304)
144 + j*(440)
-4 + j*(576)
-156 + j*(712)
-304 + j*(852)
-596 + j*(1124)
-492 + j*(932)
-380 + j*(744)
-268 + j*(556)
-160 + j*(368)
-48 + j*(176)
64 + j*(-8)
-100 + j*(88)
-260 + j*(192)
-420 + j*(292)
-580 + j*(392)
-744 + j*(488)
-900 + j*(592)
-912 + j*(396)
-916 + j*(204)
-924 + j*(8)
-928 + j*(-184)
-936 + j*(-380)
-940 + j*(-572)
-1016 + j*(-468)
-1092 + j*(-360)
-1168 + j*(-252)
-1240 + j*(-148)
-1316 + j*(-40)
-1388 + j*(72)
-1096 + j*(0)
-800 + j*(-64)
-504 + j*(-124)
-212 + j*(-192)
84 + j*(-256)
384 + j*(-316)
276 + j*(-252)
172 + j*(-184)
72 + j*(-116)
-32 + j*(-48)
-136 + j*(16)
-236 + j*(88)
-172 + j*(104)
-104 + j*(128)
-36 + j*(144)
28 + j*(164)
96 + j*(184)
168 + j*(204)
44 + j*(280)
-72 + j*(352)
-184 + j*(424)
-304 + j*(500)
-420 + j*(572)
-532 + j*(648)
-588 + j*(688)
-640 + j*(728)
-692 + j*(768)
-748 + j*(808)
-800 + j*(848)
-848 + j*(892)
-840 + j*(648)
-828 + j*(412)
-812 + j*(176)
-800 + j*(-60)
-792 + j*(-296)
-776 + j*(-532)
-728 + j*(-440)
-676 + j*(-348)
-628 + j*(-256)
-580 + j*(-164)
-532 + j*(-72)
-480 + j*(28)
-468 + j*(16)
-456 + j*(8)
-440 + j*(0)
-428 + j*(-8)
-416 + j*(-16)
-400 + j*(-20)
-460 + j*(72)
-516 + j*(168)
-568 + j*(268)
-628 + j*(364)
-684 + j*(460)
-736 + j*(560)
-692 + j*(488)
-644 + j*(420)
-596 + j*(352)
-548 + j*(280)
-500 + j*(216)
-452 + j*(148)
-544 + j*(216)
-636 + j*(280)
-732 + j*(352)
-824 + j*(420)
-912 + j*(488)
-1004 + j*(560)
-872 + j*(432)
-740 + j*(312)
-604 + j*(192)
-472 + j*(68)
-336 + j*(-52)
-200 + j*(-172)
-256 + j*(-92)
-312 + j*(-12)
-364 + j*(68)
-420 + j*(148)
-476 + j*(232)
-528 + j*(316)
-492 + j*(200)
-456 + j*(84)
-420 + j*(-32)
-384 + j*(-144)
-348 + j*(-260)
-312 + j*(-372)
-292 + j*(-368)
-272 + j*(-356)
-252 + j*(-348)
-232 + j*(-340)
-208 + j*(-332)
-188 + j*(-320)
-204 + j*(-140)
-224 + j*(40)
-240 + j*(224)
-256 + j*(404)
-272 + j*(588)
-288 + j*(772)
-312 + j*(724)
-336 + j*(676)
-356 + j*(632)
-380 + j*(584)
-404 + j*(540)
-424 + j*(496)
-308 + j*(560)
-188 + j*(628)
-68 + j*(700)
48 + j*(768)
168 + j*(836)
288 + j*(908)
240 + j*(768)
192 + j*(632)
144 + j*(496)
96 + j*(356)
48 + j*(220)
0 + j*(88)
32 + j*(-44)
68 + j*(-176)
104 + j*(-300)
136 + j*(-432)
172 + j*(-564)
208 + j*(-688)
240 + j*(-820)
276 + j*(-952)
312 + j*(-1080)
348 + j*(-1208)
380 + j*(-1340)
0 + j*(0)
0 + j*(0)
0 + j*(0)
0 + j*(0)
0 + j*(0)
0 + j*(0)
0 + j*(0)
0 + j*(0)
0 + j*(0)
0 + j*(0)
0 + j*(0)
0 + j*(0)
0 + j*(0)
0 + j*(0)
0 + j*(0)
0 + j*(0)
0 + j*(0)
0 + j*(0)
0 + j*(0)
0 + j*(0)
0 + j*(0)
0 + j*(0)
0 + j*(0)
0 + j*(0)
0 + j*(0)
0 + j*(0)
0 + j*(0)
0 + j*(0)
0 + j*(0)
0 + j*(0)
0 + j*(0)
0 + j*(0)
0 + j*(0)
0 + j*(0)
0 + j*(0)
0 + j*(0)
0 + j*(0)
0 + j*(0)
0 + j*(0)
0 + j*(0)
0 + j*(0)
0 + j*(0)
0 + j*(0)
0 + j*(0)
0 + j*(0)
0 + j*(0)
0 + j*(0)
0 + j*(0)
0 + j*(0)
0 + j*(0)
0 + j*(0)
0 + j*(0)
0 + j*(0)
0 + j*(0)
0 + j*(0)
0 + j*(0)
0 + j*(0)
0 + j*(0)
0 + j*(0)
0 + j*(0)
0 + j*(0)
0 + j*(0)
0 + j*(0)
0 + j*(0)
0 + j*(0)
0 + j*(0)
0 + j*(0)
0 + j*(0)
0 + j*(0)
0 + j*(0)
0 + j*(0)
0 + j*(0)
0 + j*(0)
0 + j*(0)
0 + j*(0)
0 + j*(0)
0 + j*(0)
0 + j*(0)
0 + j*(0)
0 + j*(0)
0 + j*(0)
0 + j*(0)
0 + j*(0)
0 + j*(0)
0 + j*(0)
0 + j*(0)
0 + j*(0)
0 + j*(0)
0 + j*(0)
0 + j*(0)
0 + j*(0)
0 + j*(0)
0 + j*(0)
0 + j*(0)
0 + j*(0)
0 + j*(0)
0 + j*(0)
0 + j*(0)
0 + j*(0)
0 + j*(0)
0 + j*(0)
0 + j*(0)
0 + j*(0)
0 + j*(0)
0 + j*(0)
0 + j*(0)
0 + j*(0)
0 + j*(0)
0 + j*(0)
0 + j*(0)
0 + j*(0)
0 + j*(0)
0 + j*(0)
0 + j*(0)
0 + j*(0)
0 + j*(0)
0 + j*(0)
0 + j*(0)
0 + j*(0)
0 + j*(0)
0 + j*(0)
0 + j*(0)
0 + j*(0)
0 + j*(0)
0 + j*(0)
0 + j*(0)
0 + j*(0)
0 + j*(0)
0 + j*(0)
0 + j*(0)
0 + j*(0)
0 + j*(0)
0 + j*(0)
0 + j*(0)
0 + j*(0)
0 + j*(0)
0 + j*(0)
0 + j*(0)
0 + j*(0)
0 + j*(0)
0 + j*(0)
0 + j*(0)
0 + j*(0)
0 + j*(0)
0 + j*(0)
0 + j*(0)
0 + j*(0)
0 + j*(0)
0 + j*(0)
0 + j*(0)
0 + j*(0)
0 + j*(0)
0 + j*(0)
0 + j*(0)
0 + j*(0)
0 + j*(0)
0 + j*(0)
0 + j*(0)
0 + j*(0)
0 + j*(0)
0 + j*(0)
0 + j*(0)
0 + j*(0)
0 + j*(0)
0 + j*(0)
0 + j*(0)
0 + j*(0)
0 + j*(0)
0 + j*(0)
0 + j*(0)
0 + j*(0)
0 + j*(0)
0 + j*(0)
0 + j*(0)
0 + j*(0)
0 + j*(0)
0 + j*(0)
0 + j*(0)
0 + j*(0)
0 + j*(0)
0 + j*(0)
0 + j*(0)
0 + j*(0)
0 + j*(0)
0 + j*(0)
0 + j*(0)
0 + j*(0)
0 + j*(0)
0 + j*(0)
0 + j*(0)
0 + j*(0)
0 + j*(0)
0 + j*(0)
0 + j*(0)
0 + j*(0)
0 + j*(0)
0 + j*(0)
0 + j*(0)
0 + j*(0)
0 + j*(0)
0 + j*(0)
0 + j*(0)
0 + j*(0)
0 + j*(0)
0 + j*(0)
0 + j*(0)
0 + j*(0)
-54 + j*(56)
-108 + j*(116)
-160 + j*(174)
-214 + j*(234)
-264 + j*(290)
-180 + j*(218)
-258 + j*(218)
-342 + j*(220)
-420 + j*(222)
-502 + j*(224)
-580 + j*(224)
-660 + j*(228)
-744 + j*(180)
-828 + j*(134)
-912 + j*(88)
-874 + j*(-20)
-838 + j*(-128)
-802 + j*(-232)
-680 + j*(-244)
-556 + j*(-250)
-434 + j*(-260)
-374 + j*(-212)
-314 + j*(-166)
-254 + j*(-118)
-242 + j*(56)
-228 + j*(232)
-214 + j*(406)
-198 + j*(534)
-182 + j*(662)
-170 + j*(792)
-86 + j*(716)
-4 + j*(644)
78 + j*(574)
200 + j*(504)
322 + j*(440)
446 + j*(376)
334 + j*(306)
224 + j*(240)
116 + j*(174)
-44 + j*(114)
-206 + j*(52)
-362 + j*(-4)
-350 + j*(-48)
-334 + j*(-88)
-324 + j*(-132)
-332 + j*(-198)
-344 + j*(-268)
-352 + j*(-332)
-368 + j*(-300)
-382 + j*(-262)
-394 + j*(-226)
-332 + j*(-142)
-268 + j*(-62)
-200 + j*(24)
-234 + j*(-26)
-260 + j*(-72)
-286 + j*(-120)
-394 + j*(-168)
-494 + j*(-216)
-594 + j*(-264)
-516 + j*(-44)
-434 + j*(172)
-348 + j*(392)
-198 + j*(610)
-44 + j*(834)
112 + j*(1058)
84 + j*(902)
60 + j*(742)
36 + j*(586)
-56 + j*(380)
-146 + j*(174)
-234 + j*(-32)
-258 + j*(-2)
-280 + j*(34)
-304 + j*(68)
-266 + j*(160)
-232 + j*(256)
-194 + j*(352)
-232 + j*(348)
-266 + j*(348)
-302 + j*(354)
-408 + j*(296)
-520 + j*(242)
-626 + j*(194)
-504 + j*(82)
-372 + j*(-28)
-242 + j*(-132)
-58 + j*(-210)
132 + j*(-284)
326 + j*(-358)
226 + j*(-392)
130 + j*(-424)
38 + j*(-454)
