dl01_r2 = [128 + j*(152)
260 + j*(308)
388 + j*(464)
520 + j*(620)
648 + j*(776)
780 + j*(932)
688 + j*(704)
600 + j*(480)
512 + j*(256)
424 + j*(28)
336 + j*(-196)
248 + j*(-416)
268 + j*(-400)
288 + j*(-384)
312 + j*(-364)
332 + j*(-348)
356 + j*(-328)
380 + j*(-308)
216 + j*(-276)
52 + j*(-248)
-112 + j*(-216)
-276 + j*(-184)
-440 + j*(-152)
-600 + j*(-120)
-460 + j*(-84)
-316 + j*(-44)
-176 + j*(-4)
-32 + j*(32)
112 + j*(72)
252 + j*(112)
240 + j*(-36)
224 + j*(-184)
212 + j*(-328)
200 + j*(-476)
188 + j*(-624)
176 + j*(-764)
292 + j*(-704)
408 + j*(-640)
528 + j*(-576)
640 + j*(-508)
760 + j*(-444)
880 + j*(-380)
796 + j*(-208)
716 + j*(-32)
636 + j*(140)
556 + j*(316)
472 + j*(492)
396 + j*(668)
408 + j*(648)
428 + j*(628)
448 + j*(608)
464 + j*(588)
480 + j*(572)
504 + j*(556)
540 + j*(496)
584 + j*(436)
628 + j*(380)
668 + j*(324)
708 + j*(268)
756 + j*(212)
656 + j*(252)
564 + j*(292)
468 + j*(332)
372 + j*(372)
276 + j*(412)
184 + j*(456)
328 + j*(288)
476 + j*(124)
628 + j*(-40)
772 + j*(-204)
920 + j*(-368)
1072 + j*(-532)
956 + j*(-428)
844 + j*(-324)
736 + j*(-220)
624 + j*(-116)
512 + j*(-12)
404 + j*(96)
480 + j*(76)
556 + j*(56)
632 + j*(40)
708 + j*(20)
788 + j*(0)
868 + j*(-16)
772 + j*(-224)
676 + j*(-428)
584 + j*(-628)
492 + j*(-836)
400 + j*(-1040)
308 + j*(-1240)
356 + j*(-1096)
404 + j*(-944)
456 + j*(-796)
504 + j*(-648)
556 + j*(-500)
608 + j*(-348)
652 + j*(-332)
692 + j*(-312)
736 + j*(-296)
776 + j*(-276)
820 + j*(-260)
868 + j*(-240)
720 + j*(-268)
580 + j*(-296)
444 + j*(-324)
300 + j*(-352)
160 + j*(-380)
24 + j*(-404)
-28 + j*(-292)
-72 + j*(-172)
-112 + j*(-52)
-164 + j*(68)
-208 + j*(188)
-248 + j*(308)
-108 + j*(20)
36 + j*(-264)
184 + j*(-552)
328 + j*(-836)
472 + j*(-1124)
620 + j*(-1404)
712 + j*(-1104)
808 + j*(-800)
900 + j*(-500)
996 + j*(-196)
1088 + j*(104)
1188 + j*(408)
984 + j*(388)
784 + j*(368)
580 + j*(352)
384 + j*(332)
180 + j*(312)
-20 + j*(296)
-32 + j*(216)
-40 + j*(140)
-52 + j*(68)
-60 + j*(-12)
-68 + j*(-88)
-76 + j*(-160)
12 + j*(-68)
100 + j*(32)
192 + j*(132)
280 + j*(228)
368 + j*(328)
464 + j*(428)
208 + j*(324)
-44 + j*(220)
-292 + j*(120)
-548 + j*(16)
-800 + j*(-88)
-1048 + j*(-184)
-928 + j*(-236)
-804 + j*(-284)
-680 + j*(-336)
-556 + j*(-380)
-428 + j*(-432)
-180 + j*(-524)
-108 + j*(-416)
-28 + j*(-300)
52 + j*(-188)
128 + j*(-72)
204 + j*(40)
288 + j*(156)
276 + j*(204)
268 + j*(260)
268 + j*(312)
256 + j*(364)
252 + j*(416)
248 + j*(472)
200 + j*(444)
152 + j*(420)
108 + j*(396)
60 + j*(372)
16 + j*(344)
-28 + j*(324)
-156 + j*(160)
-284 + j*(4)
-412 + j*(-156)
-540 + j*(-316)
-668 + j*(-476)
-792 + j*(-632)
-656 + j*(-528)
-520 + j*(-424)
-384 + j*(-316)
-248 + j*(-212)
-108 + j*(-108)
28 + j*(4)
0 + j*(136)
-28 + j*(272)
-56 + j*(408)
-80 + j*(544)
-108 + j*(680)
-132 + j*(816)
-64 + j*(600)
8 + j*(388)
76 + j*(176)
152 + j*(-36)
220 + j*(-248)
292 + j*(-460)
408 + j*(-396)
524 + j*(-328)
636 + j*(-260)
752 + j*(-196)
868 + j*(-128)
988 + j*(-56)
1096 + j*(12)
1212 + j*(80)
1324 + j*(152)
1440 + j*(220)
1552 + j*(292)
1668 + j*(364)
1524 + j*(244)
1388 + j*(124)
1244 + j*(4)
1108 + j*(-112)
968 + j*(-232)
828 + j*(-348)
728 + j*(-352)
624 + j*(-348)
524 + j*(-352)
424 + j*(-348)
324 + j*(-352)
224 + j*(-348)
228 + j*(-184)
232 + j*(-12)
240 + j*(156)
240 + j*(324)
248 + j*(492)
256 + j*(664)
256 + j*(512)
260 + j*(364)
268 + j*(216)
272 + j*(68)
276 + j*(-80)
284 + j*(-228)
344 + j*(-220)
404 + j*(-212)
468 + j*(-204)
528 + j*(-196)
592 + j*(-188)
656 + j*(-176)
544 + j*(-172)
432 + j*(-164)
320 + j*(-152)
208 + j*(-148)
96 + j*(-140)
-12 + j*(-128)
24 + j*(-48)
64 + j*(36)
104 + j*(124)
144 + j*(208)
184 + j*(292)
224 + j*(380)
112 + j*(252)
-4 + j*(128)
-116 + j*(4)
-232 + j*(-124)
-344 + j*(-248)
-456 + j*(-368)
-184 + j*(-360)
92 + j*(-348)
368 + j*(-336)
640 + j*(-324)
916 + j*(-316)
1192 + j*(-300)
980 + j*(-232)
768 + j*(-160)
560 + j*(-92)
348 + j*(-20)
140 + j*(52)
-68 + j*(124)
-32 + j*(88)
4 + j*(52)
48 + j*(20)
84 + j*(-12)
124 + j*(-44)
168 + j*(-76)
96 + j*(-36)
32 + j*(8)
-28 + j*(52)
-100 + j*(92)
-164 + j*(136)
-224 + j*(184)
-156 + j*(40)
-88 + j*(-100)
-16 + j*(-236)
52 + j*(-380)
120 + j*(-520)
196 + j*(-656)
360 + j*(-568)
532 + j*(-480)
704 + j*(-388)
876 + j*(-300)
1044 + j*(-212)
1216 + j*(-120)
1080 + j*(-40)
948 + j*(44)
816 + j*(128)
680 + j*(208)
548 + j*(292)
416 + j*(376)
280 + j*(452)
148 + j*(536)
12 + j*(620)
-120 + j*(700)
-252 + j*(784)
0 + j*(0)
0 + j*(0)
0 + j*(0)
0 + j*(0)
0 + j*(0)
0 + j*(0)
0 + j*(0)
0 + j*(0)
0 + j*(0)
0 + j*(0)
0 + j*(0)
0 + j*(0)
0 + j*(0)
0 + j*(0)
0 + j*(0)
0 + j*(0)
0 + j*(0)
0 + j*(0)
0 + j*(0)
0 + j*(0)
0 + j*(0)
0 + j*(0)
0 + j*(0)
0 + j*(0)
0 + j*(0)
0 + j*(0)
0 + j*(0)
0 + j*(0)
0 + j*(0)
0 + j*(0)
0 + j*(0)
0 + j*(0)
0 + j*(0)
0 + j*(0)
0 + j*(0)
0 + j*(0)
0 + j*(0)
0 + j*(0)
0 + j*(0)
0 + j*(0)
0 + j*(0)
0 + j*(0)
0 + j*(0)
0 + j*(0)
0 + j*(0)
0 + j*(0)
0 + j*(0)
0 + j*(0)
0 + j*(0)
0 + j*(0)
0 + j*(0)
0 + j*(0)
0 + j*(0)
0 + j*(0)
0 + j*(0)
0 + j*(0)
0 + j*(0)
0 + j*(0)
0 + j*(0)
0 + j*(0)
0 + j*(0)
0 + j*(0)
0 + j*(0)
0 + j*(0)
0 + j*(0)
0 + j*(0)
0 + j*(0)
0 + j*(0)
0 + j*(0)
0 + j*(0)
0 + j*(0)
0 + j*(0)
0 + j*(0)
0 + j*(0)
0 + j*(0)
0 + j*(0)
0 + j*(0)
0 + j*(0)
0 + j*(0)
0 + j*(0)
0 + j*(0)
0 + j*(0)
0 + j*(0)
0 + j*(0)
0 + j*(0)
0 + j*(0)
0 + j*(0)
0 + j*(0)
0 + j*(0)
0 + j*(0)
0 + j*(0)
0 + j*(0)
0 + j*(0)
0 + j*(0)
0 + j*(0)
0 + j*(0)
0 + j*(0)
0 + j*(0)
0 + j*(0)
0 + j*(0)
0 + j*(0)
0 + j*(0)
0 + j*(0)
0 + j*(0)
0 + j*(0)
0 + j*(0)
0 + j*(0)
0 + j*(0)
0 + j*(0)
0 + j*(0)
0 + j*(0)
0 + j*(0)
0 + j*(0)
0 + j*(0)
0 + j*(0)
0 + j*(0)
0 + j*(0)
0 + j*(0)
0 + j*(0)
0 + j*(0)
0 + j*(0)
0 + j*(0)
0 + j*(0)
0 + j*(0)
0 + j*(0)
0 + j*(0)
0 + j*(0)
0 + j*(0)
0 + j*(0)
0 + j*(0)
0 + j*(0)
0 + j*(0)
0 + j*(0)
0 + j*(0)
0 + j*(0)
0 + j*(0)
0 + j*(0)
0 + j*(0)
0 + j*(0)
0 + j*(0)
0 + j*(0)
0 + j*(0)
0 + j*(0)
0 + j*(0)
0 + j*(0)
0 + j*(0)
0 + j*(0)
0 + j*(0)
0 + j*(0)
0 + j*(0)
0 + j*(0)
0 + j*(0)
0 + j*(0)
0 + j*(0)
0 + j*(0)
0 + j*(0)
0 + j*(0)
0 + j*(0)
0 + j*(0)
0 + j*(0)
0 + j*(0)
0 + j*(0)
0 + j*(0)
0 + j*(0)
0 + j*(0)
0 + j*(0)
0 + j*(0)
0 + j*(0)
0 + j*(0)
0 + j*(0)
0 + j*(0)
0 + j*(0)
0 + j*(0)
0 + j*(0)
0 + j*(0)
0 + j*(0)
0 + j*(0)
0 + j*(0)
0 + j*(0)
0 + j*(0)
0 + j*(0)
0 + j*(0)
0 + j*(0)
0 + j*(0)
0 + j*(0)
0 + j*(0)
0 + j*(0)
0 + j*(0)
0 + j*(0)
0 + j*(0)
0 + j*(0)
0 + j*(0)
0 + j*(0)
0 + j*(0)
0 + j*(0)
0 + j*(0)
0 + j*(0)
0 + j*(0)
0 + j*(0)
0 + j*(0)
0 + j*(0)
0 + j*(0)
0 + j*(0)
0 + j*(0)
0 + j*(0)
0 + j*(0)
0 + j*(0)
96 + j*(114)
194 + j*(230)
290 + j*(348)
390 + j*(464)
486 + j*(582)
358 + j*(460)
324 + j*(308)
292 + j*(156)
262 + j*(6)
228 + j*(-150)
196 + j*(-302)
166 + j*(-448)
214 + j*(-420)
264 + j*(-390)
316 + j*(-360)
308 + j*(-362)
304 + j*(-362)
300 + j*(-362)
156 + j*(-354)
10 + j*(-346)
-134 + j*(-336)
-220 + j*(-282)
-302 + j*(-228)
-384 + j*(-172)
-240 + j*(-116)
-94 + j*(-56)
52 + j*(6)
168 + j*(16)
284 + j*(30)
396 + j*(46)
396 + j*(-84)
394 + j*(-210)
392 + j*(-332)
356 + j*(-438)
316 + j*(-542)
278 + j*(-640)
336 + j*(-586)
396 + j*(-532)
456 + j*(-476)
522 + j*(-408)
592 + j*(-342)
662 + j*(-276)
580 + j*(-126)
502 + j*(24)
422 + j*(170)
378 + j*(322)
332 + j*(472)
288 + j*(624)
314 + j*(628)
344 + j*(632)
376 + j*(638)
412 + j*(580)
450 + j*(528)
492 + j*(476)
542 + j*(390)
602 + j*(304)
658 + j*(222)
672 + j*(206)
686 + j*(192)
706 + j*(178)
616 + j*(236)
530 + j*(292)
442 + j*(350)
360 + j*(332)
278 + j*(316)
200 + j*(302)
298 + j*(128)
400 + j*(-44)
504 + j*(-212)
648 + j*(-322)
794 + j*(-426)
944 + j*(-534)
892 + j*(-440)
844 + j*(-348)
800 + j*(-252)
734 + j*(-162)
668 + j*(-72)
606 + j*(24)
682 + j*(20)
758 + j*(18)
836 + j*(20)
878 + j*(-12)
922 + j*(-40)
968 + j*(-66)
882 + j*(-238)
796 + j*(-406)
714 + j*(-570)
632 + j*(-702)
552 + j*(-830)
472 + j*(-956)
496 + j*(-822)
520 + j*(-684)
550 + j*(-550)
578 + j*(-440)
610 + j*(-334)
644 + j*(-222)
668 + j*(-214)
692 + j*(-200)
720 + j*(-190)
696 + j*(-194)
676 + j*(-200)
660 + j*(-202)
498 + j*(-242)
340 + j*(-278)
