dl0_r1_llr = [264
45
-2
269
-72
-30
-3
115
-110
41
-35
-35
11
109
50
7
133
-50
28
27
-41
94
-13
148
25
95
-20
-168
-92
67
-59
97
-317
15
112
58
238
-218
99
51
-304
-10
4
-108
-158
305
88
215
-4
-246
-145
-134
-45
-141
-158
-65
113
115
-175
273
-103
-315
-237
-13
145
-99
23
-27
-14
5
26
-98
-39
80
5
24
8
28
53
12
-6
-17
63
-13
100
-72
82
-44
-92
23
4
-63
-115
-73
12
30
-4
130
25
141
-332
-316
34
-201
-107
-86
-147
-59
-182
308
-249
118
-14
111
-58
51
72
111
15
-99
158
-174
49
-30
-113
-60
-216
143
-32
-90
60
245
64
-132
54
-60
46
-9
46
-2
-64
-33
-85
316
80
-145
-24
-34
-64
0
203
27
-158
-122
228
80
-66
-75
248
-74
-28
-52
-347
-13
106
369
196
-194
175
365
-48
300
-45
201
-4
136
17
162
-87
199
66
-75
4
-46
88
-149
-63
-31
138
11
117
96
111
-10
-20
22
23
24
203
48
-97
129
-182
-30
-174
192
131
-310
-120
31
-17
-79
-37
-45
-84
-12
-20
-37
-43
-39
69
-2
19
-42
73
22
84
17
40
189
33
51
9
71
-83
89
123
166
1
-97
33
-30
42
151
-31
-66
-26
-136
-66
-5
229
160
139
116
-169
-215
20
4
-164
74
-13
-73
59
-148
-69
-79
49
-79
-28
37
-70
-107
-52
-44
-19
-112
-101
57
-88
60
11
-98
-17
60
10
4
-76
-32
44
129
-124
1
107
136
-168
277
82
-73
-47
50
-23
-192
93
-80
-92
-178
-5
-164
23
-27
-5
-233
47
3
23
156
-100
-82
133
-197
-225
-71
11
-245
136
196
16
204
-4
37
86
53
-71
12
3
-16
44
-97
26
-42
6
-78
-125
177
50
-1
1
57
48
52
-37
104
-105
-55
-119
46
-125
-48
-118
-110
-68
80
-51
190
59
211
139
246
60
-24
33
-173
-73
145
43
-68
-40
-38
-86
88
-106
-180
78
-74
122
-57
-3
145
56
-84
4
114
10
-113
-119
15
-72
81
-85
16
153
14
-11
-32
112
-13
15
225
-20
152
93
8
-95
38
-95
139
-33
-12
88
-37
-6
80
129
20
72
-3
-234
-167
49
-61
-22
50
-1
157
-28
94
57
-181
-109
99
-79
-78
88
180
-18
84
75
-64
17
-5
26
-21
5
-10
103
138
165
-77
153
0
61
-12
-5
17
56
-33
-126
-289
-94
-106
130
-278
42
-18
191
-53
-93
-3
-5
24
42
70
11
22
20
-30
70
26
-97
-47
41
-36
41
108
1
3
-63
-2
-58
125
21
65
152
88
-39
-38
-38
-167
-16
51
-64
8
46
19
59
-2
-125
52
-35
-41
20
26
-26
33
-9
45
50
-174
-26
-129
56
56
444
183
29
-90
-166
-205
-161
301
431
-68
-39
-207
160
176
-31
27
115
90
-94
33
-93
56
-69
-96
102
-2
-15
40
-56
-3
-91
-152
185
55
30
201
-137
85
98
74
23
77
-88
74
59
63
153
66
-29
-105
-87
123
63
-42
-1
-32
-1
28
-37
-3
48
11
71
79
337
147
-97
-353
295
374
121
56
244
145
-114
-100
-84
2
25
-53
36
-38
159
-13
173
-2
-3
78
298
-106
-461
67
214
-208
206
105
-37
-2
-239
-208
-290
-37
132
-41
18
-34
-110
-117
214
48
-22
-148
79
193
-355
-127
32
-74
-205
110
85
-52
190
-133
81
118
-134
62
-149
145
-120
22
55
0
-75
27
14
-23
-90
64
44
-36
26
-10
24
110
283
31
-15
104
-109
131
62
-27
-3
160
-13
-128
-60
35
-96
0
47
49
-24
63
27
67
16
-20
-12
172
-48
-10
168
-178
-165
-79
282
178
-87
99
33
-17
-74
9
-112
-75
1
-53
29
123
-167
-38
72
67
187
-26
-122
16
-59
83
-10
3
-4
34
-46
81
-140
112
73
-20
-187
60
204
55
34
11
-104
-194
145
-13
30
46
-135
10
-10
159
164
32
-175
-89
-77
118
-173
268
-97
220
133
-109
264
96
238
53
-259
-22
118
-22
-76
-37
-10
-117
9
-90
128
103
-116
-11
-107
-24
132
266
-67
101
-545
43
98
-193
-25
-54
237
-80
-62
70
64
121
79
7
-36
20
8
37
-52
32
-7
26
-27
26
31
-10
-38
-22
33
-19
86
-61
-3
20
-120
28
-34
-93
-51
121
152
-110
-99
-106
66
-3
-25
-54
-28
-48
-90
-106
-27
67
1
60
-15
-54
-34
80
-1
-18
50
5
50
1
115
-31
63
44
-33
61
-63
-1
80
24
-53
-58
-174
-115
136
122
-87
-22
-67
20
-36
78
-16
100
83
25
-125
-2
-56
-88
-62
19
-90
20
-63
-36
-159
-94
-104
44
-197
102
35
136
17
88
-94
-38
31
-151
73
51
23
-72
60
-61
-9
201
37
-120
162
-32
117
171
-127
-75
-39
61
46
-150
22
117
24
114
112
-109
82
-88
87
-79
-65
-98
6
82
8
154
92
-96
44
33
4
55
-38
-51
82
-62
-6
-164
117
-146
89
-112
-8
32
-76
-66
-19
38
76
-21
18
129
100
-12
-6
113
1
5
-48
-233
-282
-85
89
-67
38
193
38
108
-32
173
42
43
-111
-23
51
44
194
-51
215
95
-129
-76
-167
1
-25
-61
73
36
-33
45
-22
6
-23
-15
80
-26
46
41
-90
88
57
-52
-28
86
82
76
80
-36
76
37
-337
-266
-38
-1
-82
-21
267
-41
-203
-38
179
294
138
-135
160
-8
153
100
-70
42
24
-88
47
-66
29
27
-16
-187
-70
35
-6
-27
-234
-64
26
109
-1
-4
59
139
133
-86
-33
225
78
-156
-172
120
-75
121
53
-92
-56
-74
-24
-91
0
58
-31
60
-83
-39
63
-14
81
-175
-100
-44
-53
-6
-36
-58
-93
-41
182
-64
-12
-166
160
-171
-31
-96
86
-49
-64
-95
50
11
15
76
-37
86
5
-86
-25
76
-128
24
-7
47
-38
120
-10
-29
-52
-6
81
133
30
-160
20
43
100
-120
63
-223
-92
-40
47
14
79
-12
58
-3
87
-49
69
-114
-10
-18
-35
-87
-83
7
8
301
-151
-78
-118
-173
171
215
15
13
-1
120
-131
31
-111
12
-179
75
3
63
-15
3
-24
-25
-61
23
44
52
208
-15
171
43
194
95
-166
7
-21
106
63
237
210
40
68
-73
-6
20
69
-49
279
-2
-50
99
228
293
37
70
364
115
-180
16
167
-331
-87
-65
-96
84
-29
160
48
7
166
127
-5
-70
130
-92
-201
-411
53
191
-470
-86
-15
-71
37
-354
80
145
-149
-74
52
1
-39
82
137
96
-14
-6
-28
-67
43
36
-34
87
-56
36
70
-62
-78
-47
-96
-168
-57
-31
-139
-106
-265
327
84
200
110
183
-195
97
-10
-245
-176
-108
6
75
12
-96
-74
-97
-14
-39
-100
-112
281
-70
46
-22
87
-59
-130
85
66
-30
79
-49
31
63
8
35
98
-74
156
28
-65
-98
-321
-257
154
-95
-93
22
141
69
7
95
79
0
154
134
-16
95
-77
40
27
-61
126
10
-131
-102
72
130
205
33
115
-63
17
-54
38
-96
-103
115
190
-36
-130
-167
28
-224
54
-61
-281
-335
-20
-89
202
-100
141
113
-69
-113
-29
33
-35
-149
108
2
-77
304
-91
-22
-34
-181
39
-274
-106
203
222
42
53
44
102
-410
134
-11
-26
-9
12
-97
-38
81
27
69
22
-34
30
138
-76
-16
10
38
-126
-62
-107
-111
26
14
-145
-147
-18
64
32
-63
104
100
85
82
-23
-38
-95
133
-17
-173
166
76
-98
220
-128
118
-320
64
-106
184
-111
126
-19
48
-32
-35
-35
59
-79
109
14
-130
201
-20
121
27
-304
-86
-331
-312
-102
20
90
-90
-40
26
-18
-21
1
96
-120
61
-11
-128
128
-21
95
-1
61
49
-48
-16
74
-100
-125
-117
-3
99
-58
25
97
87
53
-59
37
-132
-50
50
-60
-8
65
61
41
55
-12
-66
141
-16
-29
19
-230
-314
-116
96
-102
-13
252
-261
4
38
13
326
-134
57
26
-114
60
104
-172
50
-34
148
-83
28
18
185
39
126
59
-64
-73
-31
98
-28
26
87
-89
26
-5
20
-27
10
38
41
-98
-18
58
123
-13
300
76
155
40
-60
-134
9
265
413
8
-120
25
-44
-100
-49
134
-191
-38
-186
45
-176
170
-148
-40
93
-142
103
-187
186
-98
-160
248
59
-18
3
-36
-94
-17
-73
23
61
-34
129
-85
10
-244
0
135
33
-126
39
-30
150
-161
33
-141
247
-230
110
-184
-57
44
55
-86
158
363
132
-171
-251
-195
-226
-563
-206
-144
221
327
-65
-60
-17
-49
105
-18
-27
-34
24
101
-10
-100
179
11
20
-143
167
170
71
164
258
69
132
1
98
-502
-220
108
163
-130
226
-26
-131
-92
-216
57
55
-27
156
16
-105
-133
244
-104
-20
17
-71
-171
-68
9
52
2
-14
-162
-43
273
-281
27
162
135
-14
7
258
-103
-64
14
63
-40
-61
41
-87
50
72
-10
95
-7
41
-8
45
28
78
2
-114
27
-4
23
-12
-19
-3
-53
-62
90
36
91
61
388
-150
15
85
-98
133
-2
-38
0
4
64
-77
32
-10
-8
-52
46
-61
-103
155
-33
-69
-19
-33
-10
-38
-10
-50
-183
100
45
-44
-25
-14
-24
-186
-130
-109
-127
135
-138
-6
-43
-83
89
-128
-158
-260
18
145
87
167
-70
-29
184
62
75
-279
428
259
-126
-203
4
92
-66
122
-21
-72
42
-46
45
262
-8
-54
122
454
-132
-70
390
-91
40
4
174
45
37
-153
-79
115
-319
-236
-418
32
129
126
-37
344
-130
-436
-202
23
-29
-236
28
-306
-195
21
67
-20
-144
71
88
-63
-159
-103
-32
162
28
70
65
38
236
-190
67
-598
-481
254
65
14
-124
-230
16
-215
175
-226
-403
-68
5
66
-77
-101
74
-81
-151
93
-343
131
127
-8
-60
-191
-100
-52
217
99
50
94
38
-5
99
196
-41
83
-110
-125
-100
134
86
-126
-38
-134
36
-21
-21
-46
-70
-14
28
63
-58
86
-128
-33
-192
-31
319
-41
191
169
24
-67
-109
-39
-35
-50
-85
-53
-238
194
129
12
34
-230
15
-81
353
142
-194
56
15
45
-38
-42
-210
43
227
97
-243
388
-31
76
-384
51
314
113
-90
81
211
-228
74
-163
10
-114
58
87
101
109
28
111
-58
-271
-139
50
-87
-67
-87
-188
200
-4
-28
-50
208
237
180
116
-24
151
322
56
-52
-24
-64
-9
188
-317
-197
-154
-241
-22
23
14
-83
176
29
-97
-185
-270
187
23
-23
43
-123
-71
-111
11
-43
482
-401
-89
-45
55
-3
93
-57
-49
19
127
-168
-168
-9
-21
-186
128
0
124
-8
-112
-30
36
-12
-26
143
49
76
107
106
-9
-63
-171
35
61
-241
124
-68
111
19
-166
175
350
-74
-204
192
33
-26
-12
197
316
256
-55
-135
-157
49
-11
-32
-73
-20
-95
-145
-148
-63
-49
-13
-179
-222
265
-86
80
-234
23
161
52
-123
61
-198
130
-241
-196
114
63
69
