dl01_r0 = [0 + j*(144)
4 + j*(292)
8 + j*(436)
8 + j*(584)
12 + j*(728)
16 + j*(876)
-80 + j*(768)
-172 + j*(664)
-260 + j*(560)
-352 + j*(456)
-444 + j*(352)
-532 + j*(248)
-364 + j*(344)
-196 + j*(436)
-28 + j*(536)
140 + j*(628)
312 + j*(724)
484 + j*(824)
408 + j*(780)
332 + j*(744)
260 + j*(708)
184 + j*(668)
112 + j*(632)
40 + j*(596)
-24 + j*(448)
-88 + j*(304)
-148 + j*(156)
-208 + j*(12)
-272 + j*(-132)
-332 + j*(-276)
-216 + j*(-260)
-96 + j*(-244)
16 + j*(-228)
136 + j*(-212)
252 + j*(-196)
372 + j*(-176)
432 + j*(-96)
496 + j*(-16)
560 + j*(68)
624 + j*(148)
684 + j*(232)
752 + j*(316)
584 + j*(300)
420 + j*(284)
256 + j*(272)
88 + j*(256)
-72 + j*(244)
-236 + j*(232)
-92 + j*(344)
48 + j*(460)
192 + j*(584)
336 + j*(696)
480 + j*(812)
624 + j*(936)
712 + j*(812)
800 + j*(692)
888 + j*(580)
976 + j*(456)
1064 + j*(340)
1156 + j*(224)
908 + j*(388)
664 + j*(548)
420 + j*(712)
176 + j*(872)
-64 + j*(1040)
-308 + j*(1204)
-288 + j*(1268)
-268 + j*(1332)
-244 + j*(1400)
-220 + j*(1464)
-196 + j*(1532)
-172 + j*(1600)
-104 + j*(1304)
-36 + j*(1012)
32 + j*(724)
104 + j*(432)
172 + j*(140)
244 + j*(-148)
300 + j*(104)
356 + j*(356)
408 + j*(612)
464 + j*(864)
524 + j*(1116)
580 + j*(1376)
464 + j*(1084)
348 + j*(800)
236 + j*(516)
124 + j*(228)
8 + j*(-56)
-104 + j*(-340)
-156 + j*(-260)
-204 + j*(-176)
-256 + j*(-92)
-308 + j*(-8)
-360 + j*(76)
-408 + j*(164)
-288 + j*(100)
-168 + j*(36)
-48 + j*(-24)
72 + j*(-88)
192 + j*(-152)
312 + j*(-208)
340 + j*(0)
372 + j*(216)
404 + j*(432)
436 + j*(640)
464 + j*(856)
496 + j*(1072)
292 + j*(960)
92 + j*(848)
-108 + j*(740)
-312 + j*(632)
-512 + j*(520)
-712 + j*(412)
-552 + j*(348)
-396 + j*(284)
-236 + j*(216)
-80 + j*(156)
84 + j*(92)
244 + j*(28)
160 + j*(64)
72 + j*(100)
-12 + j*(132)
-96 + j*(168)
-180 + j*(204)
-264 + j*(244)
-112 + j*(480)
44 + j*(724)
196 + j*(964)
352 + j*(1208)
508 + j*(1452)
660 + j*(1692)
544 + j*(1564)
424 + j*(1436)
304 + j*(1308)
188 + j*(1184)
72 + j*(1056)
-44 + j*(932)
-48 + j*(748)
-56 + j*(564)
-60 + j*(380)
-60 + j*(196)
-64 + j*(12)
-68 + j*(-168)
28 + j*(-16)
128 + j*(140)
224 + j*(296)
320 + j*(452)
420 + j*(608)
520 + j*(764)
476 + j*(696)
440 + j*(632)
400 + j*(572)
360 + j*(504)
324 + j*(440)
244 + j*(316)
148 + j*(464)
52 + j*(608)
-48 + j*(760)
-140 + j*(908)
-236 + j*(1060)
-332 + j*(1208)
-100 + j*(1036)
132 + j*(864)
360 + j*(696)
592 + j*(524)
824 + j*(356)
1060 + j*(188)
928 + j*(200)
804 + j*(212)
680 + j*(224)
556 + j*(236)
432 + j*(252)
308 + j*(268)
300 + j*(416)
292 + j*(564)
288 + j*(716)
280 + j*(868)
276 + j*(1020)
272 + j*(1172)
224 + j*(1056)
176 + j*(940)
128 + j*(824)
80 + j*(708)
32 + j*(592)
-12 + j*(480)
92 + j*(424)
200 + j*(372)
304 + j*(320)
412 + j*(264)
520 + j*(212)
628 + j*(160)
580 + j*(336)
528 + j*(516)
480 + j*(700)
432 + j*(880)
384 + j*(1056)
340 + j*(1240)
304 + j*(1080)
272 + j*(928)
240 + j*(772)
208 + j*(616)
176 + j*(460)
144 + j*(308)
172 + j*(288)
204 + j*(268)
236 + j*(252)
268 + j*(232)
300 + j*(216)
332 + j*(200)
332 + j*(180)
332 + j*(156)
332 + j*(136)
332 + j*(116)
332 + j*(96)
336 + j*(76)
208 + j*(64)
80 + j*(52)
-48 + j*(40)
-176 + j*(28)
-304 + j*(16)
-432 + j*(8)
-348 + j*(100)
-260 + j*(196)
-172 + j*(296)
-84 + j*(388)
4 + j*(488)
92 + j*(584)
136 + j*(460)
184 + j*(336)
232 + j*(212)
280 + j*(88)
328 + j*(-32)
380 + j*(-156)
404 + j*(-8)
432 + j*(136)
460 + j*(280)
488 + j*(428)
516 + j*(576)
548 + j*(724)
344 + j*(692)
140 + j*(656)
-60 + j*(624)
-264 + j*(592)
-468 + j*(560)
-664 + j*(528)
-540 + j*(388)
-408 + j*(252)
-276 + j*(116)
-148 + j*(-20)
-16 + j*(-156)
116 + j*(-292)
124 + j*(-244)
136 + j*(-196)
148 + j*(-144)
156 + j*(-96)
168 + j*(-48)
184 + j*(8)
224 + j*(100)
268 + j*(200)
316 + j*(296)
360 + j*(392)
404 + j*(492)
452 + j*(588)
544 + j*(588)
636 + j*(588)
728 + j*(588)
820 + j*(592)
912 + j*(588)
1008 + j*(592)
928 + j*(632)
848 + j*(676)
772 + j*(716)
692 + j*(756)
616 + j*(796)
536 + j*(844)
568 + j*(684)
600 + j*(532)
632 + j*(376)
664 + j*(224)
696 + j*(68)
732 + j*(-84)
536 + j*(-12)
344 + j*(64)
148 + j*(136)
-44 + j*(212)
-240 + j*(284)
-428 + j*(364)
-292 + j*(440)
-152 + j*(524)
-8 + j*(608)
132 + j*(692)
276 + j*(776)
420 + j*(860)
304 + j*(700)
192 + j*(544)
84 + j*(388)
-28 + j*(228)
-136 + j*(72)
-244 + j*(-80)
-356 + j*(-240)
-464 + j*(-396)
-576 + j*(-552)
-684 + j*(-712)
-796 + j*(-868)
0 + j*(0)
0 + j*(0)
0 + j*(0)
0 + j*(0)
0 + j*(0)
0 + j*(0)
0 + j*(0)
0 + j*(0)
0 + j*(0)
0 + j*(0)
0 + j*(0)
0 + j*(0)
0 + j*(0)
0 + j*(0)
0 + j*(0)
0 + j*(0)
0 + j*(0)
0 + j*(0)
0 + j*(0)
0 + j*(0)
0 + j*(0)
0 + j*(0)
0 + j*(0)
0 + j*(0)
0 + j*(0)
0 + j*(0)
0 + j*(0)
0 + j*(0)
0 + j*(0)
0 + j*(0)
0 + j*(0)
0 + j*(0)
0 + j*(0)
0 + j*(0)
0 + j*(0)
0 + j*(0)
0 + j*(0)
0 + j*(0)
0 + j*(0)
0 + j*(0)
0 + j*(0)
0 + j*(0)
0 + j*(0)
0 + j*(0)
0 + j*(0)
0 + j*(0)
0 + j*(0)
0 + j*(0)
0 + j*(0)
0 + j*(0)
0 + j*(0)
0 + j*(0)
0 + j*(0)
0 + j*(0)
0 + j*(0)
0 + j*(0)
0 + j*(0)
0 + j*(0)
0 + j*(0)
0 + j*(0)
0 + j*(0)
0 + j*(0)
0 + j*(0)
0 + j*(0)
0 + j*(0)
0 + j*(0)
0 + j*(0)
0 + j*(0)
0 + j*(0)
0 + j*(0)
0 + j*(0)
0 + j*(0)
0 + j*(0)
0 + j*(0)
0 + j*(0)
0 + j*(0)
0 + j*(0)
0 + j*(0)
0 + j*(0)
0 + j*(0)
0 + j*(0)
0 + j*(0)
0 + j*(0)
0 + j*(0)
0 + j*(0)
0 + j*(0)
0 + j*(0)
0 + j*(0)
0 + j*(0)
0 + j*(0)
0 + j*(0)
0 + j*(0)
0 + j*(0)
0 + j*(0)
0 + j*(0)
0 + j*(0)
0 + j*(0)
0 + j*(0)
0 + j*(0)
0 + j*(0)
0 + j*(0)
0 + j*(0)
0 + j*(0)
0 + j*(0)
0 + j*(0)
0 + j*(0)
0 + j*(0)
0 + j*(0)
0 + j*(0)
0 + j*(0)
0 + j*(0)
0 + j*(0)
0 + j*(0)
0 + j*(0)
0 + j*(0)
0 + j*(0)
0 + j*(0)
0 + j*(0)
0 + j*(0)
0 + j*(0)
0 + j*(0)
0 + j*(0)
0 + j*(0)
0 + j*(0)
0 + j*(0)
0 + j*(0)
0 + j*(0)
0 + j*(0)
0 + j*(0)
0 + j*(0)
0 + j*(0)
0 + j*(0)
0 + j*(0)
0 + j*(0)
0 + j*(0)
0 + j*(0)
0 + j*(0)
0 + j*(0)
0 + j*(0)
0 + j*(0)
0 + j*(0)
0 + j*(0)
0 + j*(0)
0 + j*(0)
0 + j*(0)
0 + j*(0)
0 + j*(0)
0 + j*(0)
0 + j*(0)
0 + j*(0)
0 + j*(0)
0 + j*(0)
0 + j*(0)
0 + j*(0)
0 + j*(0)
0 + j*(0)
0 + j*(0)
0 + j*(0)
0 + j*(0)
0 + j*(0)
0 + j*(0)
0 + j*(0)
0 + j*(0)
0 + j*(0)
0 + j*(0)
0 + j*(0)
0 + j*(0)
0 + j*(0)
0 + j*(0)
0 + j*(0)
0 + j*(0)
0 + j*(0)
0 + j*(0)
0 + j*(0)
0 + j*(0)
0 + j*(0)
0 + j*(0)
0 + j*(0)
0 + j*(0)
0 + j*(0)
0 + j*(0)
0 + j*(0)
0 + j*(0)
0 + j*(0)
0 + j*(0)
0 + j*(0)
0 + j*(0)
0 + j*(0)
0 + j*(0)
0 + j*(0)
0 + j*(0)
0 + j*(0)
0 + j*(0)
0 + j*(0)
0 + j*(0)
0 + j*(0)
0 + j*(0)
0 + j*(0)
0 + j*(0)
0 + j*(0)
0 + j*(0)
0 + j*(0)
0 + j*(0)
0 + j*(0)
0 + j*(0)
0 + j*(0)
0 + j*(0)
0 + j*(108)
2 + j*(218)
6 + j*(326)
6 + j*(438)
8 + j*(546)
-44 + j*(716)
-94 + j*(634)
-140 + j*(556)
-182 + j*(476)
-228 + j*(396)
-276 + j*(316)
-318 + j*(236)
-170 + j*(306)
-20 + j*(372)
128 + j*(448)
262 + j*(556)
400 + j*(668)
536 + j*(786)
488 + j*(792)
438 + j*(808)
394 + j*(822)
336 + j*(772)
280 + j*(726)
226 + j*(680)
176 + j*(550)
126 + j*(424)
80 + j*(294)
-6 + j*(194)
-96 + j*(94)
-184 + j*(-4)
-138 + j*(16)
-90 + j*(38)
-46 + j*(60)
68 + j*(80)
178 + j*(100)
294 + j*(124)
364 + j*(192)
438 + j*(260)
512 + j*(332)
540 + j*(338)
566 + j*(348)
600 + j*(358)
454 + j*(292)
312 + j*(228)
172 + j*(166)
60 + j*(180)
-44 + j*(198)
-154 + j*(216)
-32 + j*(328)
88 + j*(440)
212 + j*(562)
306 + j*(682)
400 + j*(804)
492 + j*(934)
544 + j*(876)
596 + j*(822)
648 + j*(774)
710 + j*(600)
772 + j*(430)
836 + j*(262)
646 + j*(304)
460 + j*(342)
272 + j*(384)
106 + j*(540)
-56 + j*(704)
-222 + j*(862)
-190 + j*(946)
-158 + j*(1032)
-122 + j*(1120)
-104 + j*(1180)
-82 + j*(1240)
-62 + j*(1304)
-8 + j*(1092)
46 + j*(884)
100 + j*(680)
138 + j*(462)
172 + j*(244)
208 + j*(30)
234 + j*(220)
260 + j*(410)
284 + j*(604)
334 + j*(802)
388 + j*(1000)
440 + j*(1204)
364 + j*(994)
284 + j*(792)
210 + j*(586)
126 + j*(364)
40 + j*(144)
-44 + j*(-78)
-84 + j*(-24)
-120 + j*(32)
-156 + j*(88)
-204 + j*(160)
-248 + j*(230)
-290 + j*(306)
-206 + j*(266)
-122 + j*(228)
-38 + j*(194)
58 + j*(158)
156 + j*(124)
254 + j*(94)
280 + j*(264)
310 + j*(438)
344 + j*(614)
374 + j*(706)
402 + j*(804)
436 + j*(902)
288 + j*(754)
146 + j*(606)
4 + j*(462)
-152 + j*(398)
