dl00_r2 = [-100 + j*(-72)
-200 + j*(-140)
-296 + j*(-208)
-396 + j*(-276)
-492 + j*(-344)
-592 + j*(-412)
-540 + j*(-216)
-488 + j*(-20)
-432 + j*(180)
-380 + j*(376)
-324 + j*(572)
-268 + j*(776)
-132 + j*(768)
8 + j*(768)
144 + j*(768)
284 + j*(764)
424 + j*(764)
564 + j*(764)
568 + j*(804)
572 + j*(848)
576 + j*(888)
584 + j*(932)
584 + j*(972)
592 + j*(1020)
512 + j*(812)
440 + j*(608)
368 + j*(400)
288 + j*(196)
212 + j*(-12)
144 + j*(-216)
-24 + j*(-148)
-184 + j*(-76)
-340 + j*(-8)
-508 + j*(64)
-668 + j*(132)
-824 + j*(204)
-756 + j*(356)
-684 + j*(516)
-608 + j*(672)
-536 + j*(828)
-468 + j*(984)
-392 + j*(1144)
-216 + j*(1048)
-36 + j*(952)
144 + j*(860)
320 + j*(764)
496 + j*(672)
680 + j*(580)
648 + j*(524)
620 + j*(468)
592 + j*(416)
564 + j*(364)
536 + j*(312)
508 + j*(260)
408 + j*(340)
308 + j*(424)
208 + j*(508)
108 + j*(592)
12 + j*(676)
-88 + j*(764)
40 + j*(644)
168 + j*(524)
296 + j*(404)
424 + j*(284)
552 + j*(164)
684 + j*(52)
504 + j*(132)
328 + j*(220)
148 + j*(304)
-28 + j*(392)
-208 + j*(476)
-384 + j*(564)
-336 + j*(592)
-288 + j*(624)
-240 + j*(656)
-192 + j*(688)
-140 + j*(716)
-92 + j*(752)
-36 + j*(708)
16 + j*(672)
76 + j*(636)
132 + j*(596)
192 + j*(560)
248 + j*(524)
228 + j*(384)
208 + j*(248)
192 + j*(112)
172 + j*(-28)
156 + j*(-164)
140 + j*(-296)
92 + j*(-284)
44 + j*(-268)
-4 + j*(-248)
-52 + j*(-232)
-96 + j*(-220)
-140 + j*(-200)
32 + j*(-80)
200 + j*(44)
372 + j*(164)
544 + j*(284)
720 + j*(408)
892 + j*(532)
692 + j*(564)
492 + j*(592)
296 + j*(628)
100 + j*(660)
-100 + j*(696)
-296 + j*(728)
-344 + j*(620)
-388 + j*(512)
-436 + j*(408)
-484 + j*(300)
-532 + j*(196)
-576 + j*(92)
-468 + j*(148)
-356 + j*(208)
-244 + j*(264)
-136 + j*(324)
-24 + j*(380)
88 + j*(444)
48 + j*(324)
8 + j*(208)
-24 + j*(88)
-64 + j*(-28)
-104 + j*(-148)
-136 + j*(-264)
-100 + j*(-84)
-56 + j*(100)
-8 + j*(284)
28 + j*(468)
72 + j*(648)
120 + j*(832)
136 + j*(728)
160 + j*(632)
184 + j*(532)
204 + j*(428)
228 + j*(328)
252 + j*(232)
288 + j*(292)
324 + j*(356)
360 + j*(424)
396 + j*(488)
432 + j*(548)
472 + j*(616)
444 + j*(428)
420 + j*(244)
400 + j*(56)
376 + j*(-132)
352 + j*(-320)
332 + j*(-500)
304 + j*(-360)
276 + j*(-212)
248 + j*(-64)
224 + j*(84)
196 + j*(232)
148 + j*(528)
228 + j*(440)
304 + j*(356)
384 + j*(268)
464 + j*(184)
544 + j*(100)
624 + j*(12)
596 + j*(112)
568 + j*(208)
544 + j*(304)
516 + j*(404)
492 + j*(500)
464 + j*(600)
432 + j*(540)
396 + j*(484)
364 + j*(428)
332 + j*(368)
300 + j*(312)
268 + j*(256)
196 + j*(264)
128 + j*(272)
52 + j*(284)
-16 + j*(296)
-88 + j*(304)
-156 + j*(316)
-84 + j*(392)
-4 + j*(472)
76 + j*(548)
152 + j*(624)
228 + j*(704)
312 + j*(784)
252 + j*(704)
196 + j*(624)
148 + j*(552)
88 + j*(472)
36 + j*(392)
-16 + j*(320)
-144 + j*(324)
-272 + j*(332)
-396 + j*(340)
-524 + j*(344)
-652 + j*(356)
-776 + j*(364)
-660 + j*(508)
-536 + j*(652)
-416 + j*(800)
-296 + j*(944)
-180 + j*(1092)
-56 + j*(1240)
-44 + j*(1048)
-28 + j*(856)
-12 + j*(668)
0 + j*(476)
12 + j*(284)
32 + j*(96)
84 + j*(52)
144 + j*(8)
208 + j*(-36)
260 + j*(-76)
320 + j*(-120)
384 + j*(-164)
376 + j*(-96)
372 + j*(-28)
372 + j*(40)
364 + j*(108)
360 + j*(176)
364 + j*(248)
356 + j*(236)
352 + j*(228)
352 + j*(224)
348 + j*(212)
348 + j*(204)
344 + j*(200)
332 + j*(260)
320 + j*(324)
312 + j*(392)
296 + j*(452)
288 + j*(520)
280 + j*(584)
324 + j*(508)
368 + j*(428)
420 + j*(352)
464 + j*(276)
508 + j*(200)
560 + j*(124)
364 + j*(132)
172 + j*(144)
-20 + j*(152)
-212 + j*(164)
-404 + j*(176)
-596 + j*(188)
-452 + j*(204)
-304 + j*(220)
-164 + j*(236)
-16 + j*(256)
128 + j*(272)
276 + j*(292)
236 + j*(384)
204 + j*(476)
172 + j*(568)
136 + j*(660)
100 + j*(752)
72 + j*(848)
76 + j*(720)
84 + j*(600)
100 + j*(480)
104 + j*(352)
112 + j*(232)
128 + j*(112)
240 + j*(400)
360 + j*(688)
484 + j*(984)
596 + j*(1272)
716 + j*(1564)
840 + j*(1856)
780 + j*(1488)
724 + j*(1120)
676 + j*(756)
616 + j*(384)
560 + j*(20)
512 + j*(-344)
468 + j*(-316)
428 + j*(-284)
392 + j*(-248)
348 + j*(-220)
312 + j*(-188)
272 + j*(-152)
388 + j*(-72)
500 + j*(8)
616 + j*(96)
728 + j*(176)
844 + j*(260)
960 + j*(344)
872 + j*(316)
788 + j*(288)
704 + j*(264)
620 + j*(236)
532 + j*(212)
448 + j*(188)
456 + j*(228)
468 + j*(268)
476 + j*(308)
484 + j*(348)
492 + j*(388)
504 + j*(436)
512 + j*(476)
520 + j*(516)
532 + j*(556)
540 + j*(596)
552 + j*(636)
0 + j*(0)
0 + j*(0)
0 + j*(0)
0 + j*(0)
0 + j*(0)
0 + j*(0)
0 + j*(0)
0 + j*(0)
0 + j*(0)
0 + j*(0)
0 + j*(0)
0 + j*(0)
0 + j*(0)
0 + j*(0)
0 + j*(0)
0 + j*(0)
0 + j*(0)
0 + j*(0)
0 + j*(0)
0 + j*(0)
0 + j*(0)
0 + j*(0)
0 + j*(0)
0 + j*(0)
0 + j*(0)
0 + j*(0)
0 + j*(0)
0 + j*(0)
0 + j*(0)
0 + j*(0)
0 + j*(0)
0 + j*(0)
0 + j*(0)
0 + j*(0)
0 + j*(0)
0 + j*(0)
0 + j*(0)
0 + j*(0)
0 + j*(0)
0 + j*(0)
0 + j*(0)
0 + j*(0)
0 + j*(0)
0 + j*(0)
0 + j*(0)
0 + j*(0)
0 + j*(0)
0 + j*(0)
0 + j*(0)
0 + j*(0)
0 + j*(0)
0 + j*(0)
0 + j*(0)
0 + j*(0)
0 + j*(0)
0 + j*(0)
0 + j*(0)
0 + j*(0)
0 + j*(0)
0 + j*(0)
0 + j*(0)
0 + j*(0)
0 + j*(0)
0 + j*(0)
0 + j*(0)
0 + j*(0)
0 + j*(0)
0 + j*(0)
0 + j*(0)
0 + j*(0)
0 + j*(0)
0 + j*(0)
0 + j*(0)
0 + j*(0)
0 + j*(0)
0 + j*(0)
0 + j*(0)
0 + j*(0)
0 + j*(0)
0 + j*(0)
0 + j*(0)
0 + j*(0)
0 + j*(0)
0 + j*(0)
0 + j*(0)
0 + j*(0)
0 + j*(0)
0 + j*(0)
0 + j*(0)
0 + j*(0)
0 + j*(0)
0 + j*(0)
0 + j*(0)
0 + j*(0)
0 + j*(0)
0 + j*(0)
0 + j*(0)
0 + j*(0)
0 + j*(0)
0 + j*(0)
0 + j*(0)
0 + j*(0)
0 + j*(0)
0 + j*(0)
0 + j*(0)
0 + j*(0)
0 + j*(0)
0 + j*(0)
0 + j*(0)
0 + j*(0)
0 + j*(0)
0 + j*(0)
0 + j*(0)
0 + j*(0)
0 + j*(0)
0 + j*(0)
0 + j*(0)
0 + j*(0)
0 + j*(0)
0 + j*(0)
0 + j*(0)
0 + j*(0)
0 + j*(0)
0 + j*(0)
0 + j*(0)
0 + j*(0)
0 + j*(0)
0 + j*(0)
0 + j*(0)
0 + j*(0)
0 + j*(0)
0 + j*(0)
0 + j*(0)
0 + j*(0)
0 + j*(0)
0 + j*(0)
0 + j*(0)
0 + j*(0)
0 + j*(0)
0 + j*(0)
0 + j*(0)
0 + j*(0)
0 + j*(0)
0 + j*(0)
0 + j*(0)
0 + j*(0)
0 + j*(0)
0 + j*(0)
0 + j*(0)
0 + j*(0)
0 + j*(0)
0 + j*(0)
0 + j*(0)
0 + j*(0)
0 + j*(0)
0 + j*(0)
0 + j*(0)
0 + j*(0)
0 + j*(0)
0 + j*(0)
0 + j*(0)
0 + j*(0)
0 + j*(0)
0 + j*(0)
0 + j*(0)
0 + j*(0)
0 + j*(0)
0 + j*(0)
0 + j*(0)
0 + j*(0)
0 + j*(0)
0 + j*(0)
0 + j*(0)
0 + j*(0)
0 + j*(0)
0 + j*(0)
0 + j*(0)
0 + j*(0)
0 + j*(0)
0 + j*(0)
0 + j*(0)
0 + j*(0)
0 + j*(0)
0 + j*(0)
0 + j*(0)
0 + j*(0)
0 + j*(0)
0 + j*(0)
0 + j*(0)
0 + j*(0)
0 + j*(0)
0 + j*(0)
0 + j*(0)
0 + j*(0)
0 + j*(0)
0 + j*(0)
0 + j*(0)
0 + j*(0)
0 + j*(0)
0 + j*(0)
0 + j*(0)
0 + j*(0)
0 + j*(0)
0 + j*(0)
0 + j*(0)
0 + j*(0)
0 + j*(0)
-76 + j*(-54)
-150 + j*(-106)
-222 + j*(-156)
-298 + j*(-208)
-370 + j*(-258)
-510 + j*(-624)
-454 + j*(-426)
-398 + j*(-232)
-338 + j*(-32)
-284 + j*(164)
-224 + j*(360)
-166 + j*(562)
-48 + j*(606)
74 + j*(656)
194 + j*(704)
304 + j*(668)
416 + j*(634)
524 + j*(600)
534 + j*(596)
542 + j*(596)
552 + j*(594)
566 + j*(646)
574 + j*(696)
590 + j*(752)
538 + j*(616)
494 + j*(484)
448 + j*(350)
338 + j*(206)
230 + j*(60)
130 + j*(-80)
-46 + j*(-20)
-216 + j*(46)
-384 + j*(108)
-482 + j*(172)
-576 + j*(232)
-664 + j*(298)
-586 + j*(422)
-506 + j*(552)
-418 + j*(682)
-386 + j*(754)
-356 + j*(828)
-318 + j*(906)
-206 + j*(792)
-92 + j*(676)
24 + j*(564)
188 + j*(494)
352 + j*(426)
522 + j*(358)
530 + j*(316)
540 + j*(276)
552 + j*(240)
544 + j*(232)
540 + j*(226)
532 + j*(218)
474 + j*(310)
412 + j*(408)
354 + j*(502)
258 + j*(568)
166 + j*(632)
72 + j*(700)
148 + j*(612)
224 + j*(524)
300 + j*(436)
396 + j*(332)
494 + j*(226)
590 + j*(128)
458 + j*(172)
326 + j*(224)
190 + j*(274)
16 + j*(306)
-158 + j*(336)
-332 + j*(372)
-338 + j*(362)
-344 + j*(354)
-348 + j*(346)
-272 + j*(384)
-194 + j*(420)
-118 + j*(462)
-36 + j*(442)
44 + j*(430)
128 + j*(418)
138 + j*(400)
152 + j*(386)
164 + j*(372)
116 + j*(280)
72 + j*(190)
28 + j*(102)
64 + j*(-34)
102 + j*(-162)
142 + j*(-288)
158 + j*(-308)
174 + j*(-324)
190 + j*(-334)
122 + j*(-280)
60 + j*(-228)
-4 + j*(-170)
94 + j*(-36)
190 + j*(98)
288 + j*(230)
402 + j*(294)
520 + j*(362)
632 + j*(428)
466 + j*(426)
300 + j*(422)
140 + j*(422)
-6 + j*(488)
-154 + j*(558)
-300 + j*(624)
-334 + j*(584)
-366 + j*(548)
