rxdataF1 = [-529 + j*(469)
-23 + j*(-16)
377 + j*(-509)
-2 + j*(-19)
299 + j*(-536)
16 + j*(-41)
-120 + j*(582)
56 + j*(31)
68 + j*(-648)
-4 + j*(-31)
-67 + j*(-648)
6 + j*(-36)
173 + j*(665)
-50 + j*(-21)
-256 + j*(-579)
-6 + j*(6)
539 + j*(-361)
-26 + j*(-52)
500 + j*(427)
4 + j*(3)
-532 + j*(-314)
28 + j*(15)
-680 + j*(-170)
48 + j*(-48)
-78 + j*(692)
48 + j*(49)
-9 + j*(689)
18 + j*(0)
-189 + j*(-624)
-20 + j*(-50)
-665 + j*(290)
-7 + j*(-47)
509 + j*(-389)
-55 + j*(-33)
473 + j*(423)
34 + j*(15)
-308 + j*(567)
44 + j*(72)
259 + j*(-657)
7 + j*(-32)
-645 + j*(-136)
57 + j*(-19)
-25 + j*(635)
-59 + j*(4)
609 + j*(-166)
28 + j*(10)
-658 + j*(283)
8 + j*(17)
568 + j*(-372)
0 + j*(-30)
-463 + j*(-464)
24 + j*(0)
543 + j*(322)
-11 + j*(-37)
650 + j*(248)
-23 + j*(-17)
-304 + j*(-47)
-34 + j*(-11)
-671 + j*(11)
-74 + j*(25)
5 + j*(-12)
-14 + j*(-48)
11 + j*(35)
5 + j*(-15)
10 + j*(48)
27 + j*(-5)
-57 + j*(-57)
-62 + j*(-33)
15 + j*(1)
-33 + j*(24)
-16 + j*(24)
-28 + j*(25)
-40 + j*(28)
-19 + j*(-38)
9 + j*(-5)
-23 + j*(-7)
-7 + j*(-16)
6 + j*(26)
19 + j*(-1)
27 + j*(-15)
31 + j*(-13)
-30 + j*(21)
-42 + j*(-4)
-16 + j*(23)
3 + j*(-5)
-18 + j*(16)
16 + j*(-22)
8 + j*(26)
-31 + j*(-4)
0 + j*(45)
-40 + j*(26)
2 + j*(-2)
18 + j*(45)
-4 + j*(18)
0 + j*(-18)
-11 + j*(-51)
-14 + j*(-3)
29 + j*(-38)
-47 + j*(-36)
-9 + j*(12)
];
