rxdataF0 = [-134 + j*(172)
24 + j*(-10)
97 + j*(-235)
5 + j*(3)
20 + j*(-255)
40 + j*(4)
30 + j*(305)
-37 + j*(24)
-74 + j*(-252)
-4 + j*(20)
-92 + j*(-242)
23 + j*(5)
136 + j*(178)
66 + j*(-14)
-223 + j*(-177)
-27 + j*(3)
100 + j*(-250)
34 + j*(7)
270 + j*(104)
33 + j*(26)
-312 + j*(-64)
-7 + j*(40)
-306 + j*(-66)
-7 + j*(66)
2 + j*(276)
-69 + j*(23)
108 + j*(256)
10 + j*(-5)
-156 + j*(-302)
29 + j*(-12)
-210 + j*(206)
20 + j*(39)
177 + j*(-290)
39 + j*(-40)
342 + j*(174)
4 + j*(4)
-150 + j*(372)
-58 + j*(4)
62 + j*(-334)
15 + j*(-14)
-342 + j*(100)
-39 + j*(32)
148 + j*(336)
46 + j*(-7)
312 + j*(-194)
5 + j*(-23)
-264 + j*(250)
-30 + j*(1)
246 + j*(-290)
-1 + j*(5)
-365 + j*(-182)
-14 + j*(-30)
457 + j*(124)
12 + j*(14)
400 + j*(56)
62 + j*(-13)
-451 + j*(12)
22 + j*(-24)
-399 + j*(91)
5 + j*(-19)
-6 + j*(23)
52 + j*(-6)
-26 + j*(-23)
-16 + j*(22)
-42 + j*(-27)
10 + j*(23)
66 + j*(11)
70 + j*(-21)
20 + j*(1)
10 + j*(-42)
21 + j*(-23)
-26 + j*(-30)
15 + j*(-45)
29 + j*(3)
30 + j*(26)
29 + j*(17)
17 + j*(-18)
-6 + j*(-11)
-6 + j*(1)
17 + j*(4)
-27 + j*(11)
7 + j*(-11)
29 + j*(-34)
-2 + j*(-2)
-23 + j*(-18)
33 + j*(-24)
1 + j*(39)
-16 + j*(-19)
4 + j*(-5)
-7 + j*(-18)
-31 + j*(-31)
9 + j*(20)
-24 + j*(-40)
-34 + j*(-3)
20 + j*(21)
37 + j*(32)
6 + j*(-28)
-4 + j*(39)
51 + j*(4)
-30 + j*(-4)
];
