rxdata1 = [-1180 + j*(6704)
-30 + j*(-18)
6755 + j*(429)
-12 + j*(12)
6912 + j*(-338)
41 + j*(26)
-1286 + j*(-6610)
97 + j*(-75)
6125 + j*(-1722)
0 + j*(-131)
-6363 + j*(2699)
114 + j*(-1)
3346 + j*(6083)
-23 + j*(-134)
5585 + j*(-3965)
-62 + j*(-25)
-5083 + j*(4599)
23 + j*(-97)
5120 + j*(4669)
-38 + j*(-15)
5609 + j*(3906)
-24 + j*(42)
5979 + j*(3162)
114 + j*(-60)
6477 + j*(2673)
90 + j*(47)
-6599 + j*(-1789)
-68 + j*(102)
6755 + j*(893)
6 + j*(-59)
6968 + j*(353)
7 + j*(29)
-670 + j*(-6661)
75 + j*(-74)
6671 + j*(-1398)
139 + j*(-166)
-6358 + j*(2076)
98 + j*(102)
-6344 + j*(2938)
-132 + j*(-37)
3059 + j*(-1657)
14 + j*(-151)
4353 + j*(5382)
21 + j*(-21)
-5031 + j*(4835)
102 + j*(-64)
5216 + j*(4387)
60 + j*(-37)
-3704 + j*(5677)
31 + j*(51)
-3128 + j*(6113)
75 + j*(22)
-2410 + j*(6467)
66 + j*(21)
-6709 + j*(-1730)
65 + j*(77)
-910 + j*(6804)
-24 + j*(31)
-6934 + j*(-62)
-19 + j*(51)
-11 + j*(-58)
-5 + j*(6)
2 + j*(4)
-21 + j*(-16)
8 + j*(-46)
34 + j*(30)
-93 + j*(-1)
68 + j*(-6)
15 + j*(-19)
-1 + j*(34)
1 + j*(18)
25 + j*(-1)
-157 + j*(161)
50 + j*(-18)
71 + j*(-59)
5 + j*(-1)
84 + j*(-3)
34 + j*(1)
0 + j*(-16)
48 + j*(-11)
-44 + j*(-58)
27 + j*(3)
17 + j*(50)
21 + j*(-25)
27 + j*(-12)
-1 + j*(-26)
-32 + j*(-16)
-19 + j*(-24)
0 + j*(-4)
34 + j*(10)
-11 + j*(17)
48 + j*(-40)
-9 + j*(-27)
34 + j*(-21)
6 + j*(43)
-33 + j*(26)
22 + j*(17)
-49 + j*(-11)
0 + j*(1)
-3 + j*(19)
];
