rxF_c_d = [-323 + j*(-281)
111 + j*(-125)
-80 + j*(-176)
-79 + j*(-230)
-45 + j*(-314)
-347 + j*(112)
-608 + j*(-561)
122 + j*(-305)
646 + j*(-1189)
-965 + j*(187)
855 + j*(-1386)
-118 + j*(-755)
-848 + j*(-90)
300 + j*(341)
163 + j*(43)
146 + j*(-37)
-496 + j*(-59)
583 + j*(-175)
-586 + j*(427)
77 + j*(242)
485 + j*(6)
-454 + j*(47)
-102 + j*(-66)
256 + j*(-498)
-410 + j*(153)
120 + j*(88)
-361 + j*(-62)
2 + j*(-160)
180 + j*(-81)
-211 + j*(-37)
106 + j*(-46)
-61 + j*(-7)
26 + j*(-48)
-164 + j*(17)
-15 + j*(-196)
-62 + j*(79)
40 + j*(113)
7 + j*(8)
45 + j*(-20)
22 + j*(-1)
-296 + j*(-76)
56 + j*(219)
-583 + j*(-317)
93 + j*(-862)
-1 + j*(-5)
122 + j*(-565)
346 + j*(-230)
261 + j*(-104)
-88 + j*(-384)
91 + j*(143)
-214 + j*(-146)
-29 + j*(-96)
-183 + j*(-211)
115 + j*(201)
-68 + j*(224)
90 + j*(77)
-166 + j*(486)
219 + j*(495)
687 + j*(516)
459 + j*(916)
-327 + j*(124)
238 + j*(-39)
-135 + j*(-389)
92 + j*(402)
247 + j*(569)
-95 + j*(274)
180 + j*(22)
-179 + j*(-114)
389 + j*(41)
209 + j*(53)
227 + j*(371)
-172 + j*(119)
227 + j*(50)
-422 + j*(66)
588 + j*(-52)
333 + j*(-432)
48 + j*(484)
-250 + j*(425)
-139 + j*(164)
397 + j*(-218)
-471 + j*(3)
-196 + j*(113)
33 + j*(105)
419 + j*(-83)
-266 + j*(144)
-242 + j*(-221)
97 + j*(-168)
212 + j*(11)
181 + j*(-244)
301 + j*(242)
-619 + j*(591)
-451 + j*(88)
171 + j*(283)
604 + j*(287)
277 + j*(27)
-11 + j*(-204)
263 + j*(35)
79 + j*(22)
-25 + j*(80)
-27 + j*(58)
55 + j*(-16)
96 + j*(27)
-71 + j*(-87)
-5 + j*(-29)
2 + j*(-15)
-15 + j*(16)
-3 + j*(42)
-309 + j*(-85)
-29 + j*(59)
2 + j*(-202)
-138 + j*(-414)
430 + j*(-1112)
-126 + j*(-90)
-40 + j*(-1)
-886 + j*(-52)
-336 + j*(-220)
-437 + j*(619)
192 + j*(-163)
-243 + j*(-30)
83 + j*(194)
261 + j*(-243)
48 + j*(11)
4 + j*(-23)
40 + j*(-3)
43 + j*(-104)
-17 + j*(38)
-65 + j*(121)
38 + j*(23)
248 + j*(-35)
-6 + j*(34)
-483 + j*(-9)
90 + j*(390)
-3 + j*(282)
101 + j*(251)
452 + j*(-164)
-7 + j*(279)
-201 + j*(242)
-102 + j*(-22)
63 + j*(-199)
-360 + j*(50)
408 + j*(-622)
-206 + j*(-47)
-290 + j*(11)
47 + j*(69)
-403 + j*(-218)
137 + j*(-359)
-178 + j*(2)
-117 + j*(12)
-91 + j*(-116)
47 + j*(1)
85 + j*(-116)
78 + j*(-37)
-145 + j*(-221)
60 + j*(70)
12 + j*(-5)
-40 + j*(18)
-2 + j*(-48)
46 + j*(25)
81 + j*(-10)
108 + j*(70)
8 + j*(19)
12 + j*(-4)
-122 + j*(20)
-32 + j*(84)
13 + j*(-31)
19 + j*(-79)
29 + j*(-46)
117 + j*(-76)
77 + j*(-38)
-35 + j*(201)
-126 + j*(-133)
-573 + j*(-35)
-6 + j*(-359)
-57 + j*(-57)
-66 + j*(41)
159 + j*(26)
-91 + j*(33)
-65 + j*(6)
103 + j*(-266)
398 + j*(-127)
-120 + j*(-27)
852 + j*(78)
-364 + j*(-505)
360 + j*(-150)
395 + j*(200)
-357 + j*(-453)
-70 + j*(281)
90 + j*(-199)
85 + j*(53)
127 + j*(-55)
-127 + j*(-52)
243 + j*(290)
-201 + j*(-269)
-127 + j*(16)
-57 + j*(495)
-705 + j*(14)
139 + j*(-112)
359 + j*(337)
171 + j*(-191)
80 + j*(314)
136 + j*(124)
184 + j*(89)
-75 + j*(-163)
-4 + j*(27)
140 + j*(-225)
114 + j*(23)
102 + j*(171)
-18 + j*(-199)
-356 + j*(-83)
180 + j*(-70)
42 + j*(62)
-30 + j*(-91)
5 + j*(-121)
-557 + j*(-19)
253 + j*(-123)
257 + j*(-182)
328 + j*(69)
145 + j*(57)
-173 + j*(165)
-4 + j*(-48)
6 + j*(-68)
-67 + j*(-75)
-56 + j*(58)
41 + j*(-51)
25 + j*(54)
30 + j*(-38)
-283 + j*(-151)
289 + j*(195)
-305 + j*(-247)
331 + j*(393)
-200 + j*(-48)
381 + j*(560)
353 + j*(-448)
360 + j*(-56)
78 + j*(-253)
141 + j*(350)
-355 + j*(-587)
177 + j*(16)
30 + j*(10)
-129 + j*(80)
21 + j*(281)
-35 + j*(-154)
-294 + j*(-45)
259 + j*(18)
-147 + j*(376)
-450 + j*(-273)
20 + j*(-375)
109 + j*(-267)
211 + j*(177)
472 + j*(426)
323 + j*(1332)
-466 + j*(-439)
281 + j*(167)
100 + j*(-151)
424 + j*(-320)
359 + j*(389)
-246 + j*(158)
292 + j*(-254)
-234 + j*(-210)
-343 + j*(307)
-72 + j*(-150)
-105 + j*(-415)
-106 + j*(451)
-122 + j*(-189)
39 + j*(106)
-172 + j*(27)
185 + j*(-84)
-10 + j*(-44)
-61 + j*(105)
15 + j*(93)
-54 + j*(118)
161 + j*(-36)
-229 + j*(-233)
-44 + j*(-336)
-169 + j*(9)
-49 + j*(2)
10 + j*(-14)
38 + j*(0)
-107 + j*(-98)
84 + j*(-374)
157 + j*(-223)
107 + j*(-261)
207 + j*(67)
106 + j*(39)
41 + j*(-52)
23 + j*(10)
-13 + j*(-30)
49 + j*(78)
-63 + j*(46)
-65 + j*(128)
51 + j*(-31)
-223 + j*(-28)
49 + j*(304)
160 + j*(108)
-186 + j*(382)
403 + j*(-1377)
674 + j*(-327)
346 + j*(202)
144 + j*(-669)
-734 + j*(-584)
];
